20184920120  	0.0615	0.4758	0.9204	
20184920120  	-0.0395	0.5329	0.7627	
20184920120  	-0.1444	0.7754	0.5104	
20184920120  	-0.2069	0.8281	0.4831	
20184920120  	-0.2850	0.8076	0.3836	
20184920120  	-0.1835	0.8442	0.4055	
20184920121  	-0.2664	0.7588	0.3894	
20184920121  	-0.2440	0.7076	0.5636	
20184920121  	-0.3367	0.7818	0.5222	
20184920121  	-0.3250	0.7022	0.5924	
20184920121  	-0.4124	0.4729	0.6041	
20184920121  	-0.4089	0.5656	0.8926	
20184920121  	-0.6227	0.3670	0.6686	
20184920121  	-0.4748	0.4465	0.3884	
20184920121  	-0.5070	0.5915	0.3953	
20184920121  	-0.4665	0.7125	0.5919	
20184920122  	-0.4514	0.6934	0.6149	
20184920122  	-0.4968	0.5480	0.5358	
20184920122  	-0.6461	0.6861	0.5636	
20184920122  	-0.5256	0.7403	0.5514	
20184920122  	-0.5612	0.5895	0.5358	
20184920122  	-0.4509	0.5714	0.5436	
20184920122  	-0.4719	0.6105	0.5256	
20184920122  	-0.4553	0.6715	0.5285	
20184920122  	-0.5056	0.6403	0.5046	
20184920122  	-0.6017	0.5983	0.5773	
20184920123  	-0.5519	0.6251	0.5446	
20184920123  	-0.5353	0.5841	0.5671	
20184920123  	-0.4480	0.8159	0.7096	
20184920123  	-0.3758	0.9243	0.5344	
20184920123  	-0.5714	0.6398	0.4592	
20184920123  	-0.5963	0.5256	0.5022	
20184920123  	-0.5939	0.6295	0.1391	
20184920123  	-0.5529	0.6017	0.2255	
20184920123  	-0.8506	0.5524	0.4577	
20184920123  	-0.6876	0.7466	0.3367	
20184920124  	-0.7354	0.7105	0.1640	
20184920124  	-0.4548	0.3977	0.4250	
20184920124  	-0.7071	0.5241	0.2006	
20184920124  	-0.6847	0.6168	0.3484	
20184920124  	-0.5505	0.6954	0.1591	
20184920124  	-0.7891	0.7183	0.1718	
20184920124  	-0.6734	0.5973	0.0024	
20184920124  	-0.7637	0.5963	0.0112	
20184920124  	-0.8506	0.5915	0.0537	
20184920124  	-0.7901	0.5124	0.0976	
20184920125  	-0.8213	0.4426	0.0649	
20184920125  	-0.8638	0.3958	0.1000	
20184920125  	-0.8125	0.5139	0.0185	
20184920125  	-0.8525	0.3587	0.1386	
20184920125  	-0.9311	0.3382	0.1488	
20184920125  	-0.8779	0.3284	0.1469	
20184920125  	-0.8423	0.3709	0.1161	
20184920125  	-0.8618	0.4202	0.0498	
20184920125  	-0.7837	0.3475	0.2752	
20184920125  	-0.9658	0.2972	0.0756	
20184920126  	-0.9682	0.2913	0.0122	
20184920126  	-0.9379	0.3484	0.0908	
20184920126  	-0.8477	0.1737	-0.0054	
20184920126  	-0.7764	0.3850	0.1200	
20184920126  	-0.8764	0.4002	0.0298	
20184920126  	-0.9448	0.3904	-0.0366	
20184920126  	-1.0175	0.4753	0.1122	
20184920126  	-0.9091	0.3538	0.0210	
20184920126  	-0.7642	0.3235	0.0756	
20184920126  	-0.9794	0.5466	-0.1015	
20184920127  	-0.8301	0.4265	0.0512	
20184920127  	-0.8974	0.4290	0.1069	
20184920127  	-0.8735	0.2367	-0.0117	
20184920127  	-0.9106	0.4299	-0.0039	
20184920127  	-0.9057	0.4148	-0.0020	
20184920127  	-0.9170	0.5173	0.1547	
20184920127  	-0.8247	0.2977	0.0244	
20184920127  	-0.8491	0.3074	0.1718	
20184920127  	-0.9653	0.4041	-0.1083	
20184920127  	-0.8769	0.4260	0.0854	
20184920128  	-0.7447	0.6027	0.0830	
20184920128  	-0.8994	0.4148	-0.0288	
20184920128  	-0.9218	0.4592	0.0620	
20184920128  	-0.8833	0.3650	0.0590	
20184920128  	-0.8764	0.4763	0.1161	
20184920128  	-0.8642	0.3567	0.0844	
20184920128  	-0.9780	0.4651	-0.0429	
20184920128  	-0.9697	0.3587	0.0342	
20184920128  	-0.8891	0.3816	0.1991	
20184920128  	-0.8203	0.4553	0.1249	
20184920129  	-0.8716	0.4016	0.0425	
20184920129  	-0.8828	0.5280	-0.0059	
20184920129  	-0.8789	0.4470	0.0981	
20184920129  	-0.8579	0.5778	0.1747	
20184920129  	-0.7950	0.3943	0.0673	
20184920129  	-0.9843	0.4309	-0.0356	
20184920129  	-0.9448	0.4280	0.0752	
20184920129  	-0.8857	0.4909	0.2323	
20184920129  	-0.7681	0.3704	0.0449	
20184920129  	-1.0116	0.3728	-0.0220	
201849201210  	-0.8813	0.4314	0.0288	
201849201210  	-0.8667	0.4421	0.1937	
201849201210  	-0.8208	0.2650	0.0117	
201849201210  	-0.8960	0.4768	0.0630	
201849201210  	-0.8467	0.4846	0.1454	
201849201210  	-0.7940	0.5222	-0.0556	
201849201210  	-0.8701	0.6163	-0.1254	
201849201210  	-0.9740	0.5075	-0.1591	
201849201210  	-0.8047	0.5046	0.0015	
201849201210  	-0.8106	0.5173	-0.0883	
201849201211  	-0.7784	0.5065	-0.0346	
201849201211  	-0.7974	0.5109	-0.0864	
201849201211  	-1.0370	0.4529	-0.1469	
201849201211  	-0.8301	0.5544	0.1440	
201849201211  	-0.6954	0.4982	-0.0839	
201849201211  	-0.8530	0.5524	-0.0493	
201849201211  	-0.9755	0.5519	-0.0805	
201849201211  	-0.7735	0.6500	0.0947	
201849201211  	-0.7242	0.4036	0.0005	
201849201211  	-0.8672	0.4187	-0.0122	
201849201212  	-0.9199	0.4753	0.0068	
201849201212  	-0.7906	0.5192	0.1596	
201849201212  	-0.8008	0.4309	0.0039	
201849201212  	-0.9833	0.3265	-0.1127	
201849201212  	-0.9545	0.4685	0.1405	
201849201212  	-0.7588	0.7008	0.2279	
201849201212  	-0.8413	0.3318	-0.0727	
201849201212  	-0.8711	0.5080	0.1171	
201849201212  	-0.8950	0.3650	0.1932	
201849201212  	-0.6842	0.4704	0.1215	
201849201213  	-0.9916	0.3270	0.1313	
201849201213  	-0.9443	0.5090	0.1840	
201849201213  	-0.7954	0.4856	0.2245	
201849201213  	-0.7525	0.3240	0.1303	
201849201213  	-1.0360	0.4636	-0.0337	
201849201213  	-0.8706	0.4207	0.1132	
201849201213  	-0.7447	0.5241	0.1342	
201849201213  	-0.8804	0.3333	-0.0015	
201849201213  	-0.9945	0.5324	0.0673	
201849201213  	-0.9560	0.3772	0.1313	
201849201214  	-0.6642	0.3372	0.2479	
201849201214  	-0.9511	0.2991	0.0752	
201849201214  	-0.9867	0.4446	0.1342	
201849201214  	-0.8003	0.4836	0.2245	
201849201214  	-0.9013	0.3465	-0.0239	
201849201214  	-0.9579	0.4553	0.1547	
201849201214  	-0.8774	0.4763	0.1547	
201849201214  	-0.8081	0.4675	0.0522	
201849201214  	-0.8618	0.3567	0.0005	
201849201214  	-0.8862	0.4363	0.0249	
201849201215  	-0.8833	0.5026	0.1508	
201849201215  	-0.7901	0.3587	0.0220	
201849201215  	-0.8394	0.3699	-0.0307	
201849201215  	-1.2083	0.4358	0.0161	
201849201215  	-0.7066	0.4168	0.2386	
201849201215  	-0.9023	0.3967	0.0395	
201849201215  	-0.9667	0.4455	0.1025	
201849201215  	-0.9301	0.4900	0.1947	
201849201215  	-0.6276	0.4446	0.0517	
201849201215  	-0.9565	0.3660	-0.0063	
201849201216  	-0.8340	0.3909	0.1854	
201849201216  	-0.7706	0.5729	0.1947	
201849201216  	-0.6651	0.4860	0.0488	
201849201216  	-0.9087	0.2987	-0.0512	
201849201216  	-0.8584	0.3792	0.1371	
201849201216  	-0.7715	0.6852	0.1078	
201849201216  	-0.7462	0.2884	0.0566	
201849201216  	-1.0053	0.4397	-0.0161	
201849201216  	-0.9213	0.5222	0.1157	
201849201216  	-0.8374	0.5080	0.1484	
201849201217  	-0.7037	0.3562	0.0654	
201849201217  	-1.0106	0.6188	-0.0820	
201849201217  	-0.6988	0.5392	0.2201	
201849201217  	-0.8398	0.5466	-0.0273	
201849201217  	-0.7120	0.4412	0.1303	
201849201217  	-0.8901	0.5480	0.0503	
201849201217  	-0.8462	0.4597	0.1542	
201849201217  	-0.6237	0.6266	0.1566	
201849201217  	-0.9658	0.4177	0.0059	
201849201217  	-0.8189	0.5539	0.1547	
201849201218  	-0.7008	0.6237	0.1513	
201849201218  	-0.6632	0.3558	0.1205	
201849201218  	-1.0194	0.5373	-0.0439	
201849201218  	-0.8213	0.5534	0.1923	
201849201218  	-0.7135	0.5305	0.0903	
201849201218  	-0.9584	0.4329	0.0346	
201849201218  	-0.8965	0.5241	0.1279	
201849201218  	-0.7398	0.6661	0.1659	
201849201218  	-0.7096	0.3177	0.0761	
201849201218  	-0.8613	0.5090	0.0425	
201849201219  	-0.7959	0.6671	0.0517	
201849201219  	-0.7252	0.3343	0.0839	
201849201219  	-0.9999	0.3963	-0.0420	
201849201219  	-0.8721	0.6529	0.1362	
201849201219  	-0.6261	0.4138	0.1615	
201849201219  	-0.8955	0.3660	0.0200	
201849201219  	-0.8481	0.5368	0.1142	
201849201219  	-0.5656	0.6847	0.1708	
201849201219  	-0.6744	0.5270	0.1737	
201849201219  	-0.9160	0.4797	-0.0117	
201849201220  	-0.7740	0.6080	0.0395	
201849201220  	-0.6842	0.4294	0.1523	
201849201220  	-1.0458	0.4187	0.0298	
201849201220  	-0.8545	0.6295	0.1293	
201849201220  	-0.6988	0.4924	0.1806	
201849201220  	-0.8467	0.4270	-0.0098	
201849201220  	-0.9496	0.6442	0.1039	
201849201220  	-0.5456	0.6476	0.1737	
201849201220  	-0.8023	0.5124	-0.1210	
201849201220  	-0.8135	0.6339	-0.0112	
201849201221  	-0.8364	0.4616	-0.0703	
201849201221  	-0.8384	0.4982	-0.0444	
201849201221  	-0.8916	0.4680	-0.3992	
201849201221  	-0.8032	0.4987	-0.2137	
201849201221  	-0.8735	0.5095	-0.2142	
201849201221  	-0.8369	0.5222	-0.2406	
201849201221  	-0.8247	0.5012	-0.2420	
201849201221  	-0.7491	0.4641	-0.2557	
201849201221  	-0.8272	0.4909	-0.2567	
201849201221  	-0.8472	0.5036	-0.2640	
201849201222  	-0.8418	0.5451	-0.2381	
201849201222  	-0.8057	0.5270	-0.2206	
201849201222  	-0.8340	0.5036	-0.2689	
201849201222  	-0.8623	0.5095	-0.2425	
201849201222  	-0.8111	0.4875	-0.2557	
201849201222  	-0.8721	0.5002	-0.2762	
201849201222  	-0.8506	0.5100	-0.3289	
201849201222  	-0.8891	0.4470	-0.1337	
201849201222  	-0.8691	0.5754	-0.3582	
201849201222  	-0.7696	0.4285	-0.2552	
201849201223  	-0.7169	0.4368	-0.3040	
201849201223  	-0.8613	0.3514	-0.2094	
201849201223  	-1.0321	0.5973	-0.0917	
201849201223  	-0.9516	0.4553	-0.2674	
201849201223  	-0.7232	0.3709	-0.2045	
201849201223  	-0.7979	0.3372	-0.1283	
201849201223  	-0.9550	0.5978	-0.1381	
201849201223  	-0.8028	0.6354	-0.2938	
201849201223  	-0.8169	0.3455	-0.2191	
201849201223  	-0.9482	0.2918	-0.0122	
201849201224  	-0.9618	0.7291	-0.1913	
201849201224  	-0.8159	0.3694	-0.0849	
201849201224  	-0.8550	0.3577	0.0005	
201849201224  	-0.8930	0.6163	-0.0917	
201849201224  	-0.5241	0.3055	-0.2962	
201849201224  	-0.8179	0.2411	0.0273	
201849201224  	-0.9287	0.5075	0.0127	
201849201224  	-0.7813	0.5680	-0.1571	
201849201224  	-0.7027	0.4358	-0.0127	
201849201224  	-0.9082	0.3875	0.0429	
201849201225  	-0.9765	0.6246	-0.0893	
201849201225  	-0.5583	0.7261	-0.0991	
201849201225  	-0.8984	0.2650	0.0098	
201849201225  	-0.9819	0.5817	0.0063	
201849201225  	-0.5226	0.6305	-0.0888	
201849201225  	-0.8106	0.4172	-0.0449	
201849201225  	-0.9711	0.4558	0.0254	
201849201225  	-0.5763	0.7998	-0.3714	
201849201225  	-0.8242	0.2826	-0.0078	
201849201225  	-0.9487	0.3592	-0.0229	
201849201226  	-1.0350	0.5402	-0.2279	
201849201226  	-0.7174	0.4002	-0.1606	
201849201226  	-0.9457	0.3314	-0.0527	
201849201226  	-1.0834	0.5207	-0.2557	
201849201226  	-0.8350	0.4099	-0.3089	
201849201226  	-0.8384	0.3767	-0.1196	
201849201226  	-0.9536	0.3221	-0.0654	
201849201226  	-0.7930	0.5827	-0.4294	
201849201226  	-0.7652	0.6046	-0.2952	
201849201226  	-0.9399	0.3626	-0.2450	
201849201227  	-0.9252	0.4465	-0.2547	
201849201227  	-0.7252	0.4695	-0.5241	
201849201227  	-0.7871	0.2420	-0.2133	
201849201227  	-0.9477	0.4846	-0.3460	
201849201227  	-0.8691	0.3924	-0.5070	
201849201227  	-0.7788	0.4299	-0.4724	
201849201227  	-0.7637	0.1698	-0.3465	
201849201227  	-0.8838	0.4573	-0.4109	
201849201227  	-0.7998	0.5378	-0.5022	
201849201227  	-0.5949	0.5466	-0.3938	
201849201228  	-0.8135	0.2728	-0.3928	
201849201228  	-0.8984	0.5788	-0.4895	
201849201228  	-0.5822	0.5627	-0.7032	
201849201228  	-0.6705	0.4299	-0.4558	
201849201228  	-0.8364	0.4265	-0.5461	
201849201228  	-0.8760	0.6071	-0.5768	
201849201228  	-0.6534	0.3045	-0.3518	
201849201228  	-0.8511	0.3426	-0.3567	
201849201228  	-0.9536	0.6120	-0.4338	
201849201228  	-0.8047	0.4089	-0.3538	
201849201229  	-0.7974	0.3577	-0.3860	
201849201229  	-0.9780	0.3426	-0.0952	
201849201229  	-0.9472	0.4997	-0.3065	
201849201229  	-0.7481	0.2664	-0.2040	
201849201229  	-0.9038	0.2601	-0.0996	
201849201229  	-0.9428	0.4831	-0.1947	
201849201229  	-1.1302	-0.0303	-0.2416	
201849201229  	-0.8491	0.2899	-0.1713	
201849201229  	-0.9218	0.3924	-0.0020	
201849201229  	-1.0468	0.3816	-0.1732	
201849201230  	0.0034	0.4582	-0.3597	
201849201230  	-0.8047	0.3987	-0.0547	
201849201230  	-1.0194	0.4211	-0.0654	
201849201230  	-0.8247	0.5324	-0.0747	
201849201230  	-0.7745	0.4499	-0.1381	
201849201230  	-0.8501	0.4026	-0.0356	
201849201230  	-1.0141	0.4412	-0.1620	
201849201230  	-0.7603	0.4226	-0.2118	
201849201230  	-0.8428	0.4280	-0.1166	
201849201230  	-0.9145	0.3894	0.0278	
201849201231  	-1.0409	0.4514	-0.2181	
201849201231  	-0.7642	0.4948	-0.2108	
201849201231  	-0.7671	0.4524	-0.2264	
201849201231  	-0.9243	0.3860	-0.1679	
201849201231  	-1.0126	0.3865	-0.2098	
201849201231  	-0.7647	0.4109	-0.2050	
201849201231  	-0.8603	0.3938	-0.2054	
201849201231  	-0.9550	0.4704	-0.1698	
201849201231  	-0.6310	0.6539	-0.4412	
201849201231  	-0.7876	0.3265	-0.3226	
201849201232  	-0.9418	0.3265	-0.3558	
201849201232  	-0.9633	0.3514	-0.3958	
201849201232  	-0.7740	0.3011	-0.4963	
201849201232  	-0.8242	0.3714	-0.2889	
201849201232  	-0.9565	0.4070	-0.2918	
201849201232  	-0.8725	0.6603	-0.4738	
201849201232  	-0.7647	0.5714	-0.2455	
201849201232  	-1.0292	0.3436	-0.2274	
201849201232  	-0.8794	0.4934	-0.3494	
201849201232  	-0.8428	0.4143	-0.3479	
201849201233  	-0.9072	0.0590	-0.3919	
201849201233  	-0.8028	0.3406	-0.3357	
201849201233  	-0.9521	0.4929	-0.3567	
201849201233  	-0.8052	0.3802	-0.3567	
201849201233  	-0.8560	0.4982	-0.3323	
201849201233  	-0.8320	0.4490	-0.2972	
201849201233  	-0.8003	0.4748	-0.3518	
201849201233  	-0.8730	0.3762	-0.3392	
201849201233  	-0.8081	0.3967	-0.3353	
201849201233  	-0.8477	0.4660	-0.3826	
201849201234  	-0.8569	0.4612	-0.3787	
201849201234  	-0.8545	0.4250	-0.3270	
201849201234  	-0.8442	0.4943	-0.3353	
201849201234  	-0.8789	0.4695	-0.3533	
201849201234  	-0.8589	0.4392	-0.3484	
201849201234  	-0.9301	0.4221	-0.3138	
201849201234  	-0.8740	0.4534	-0.3748	
201849201234  	-0.8379	0.4109	-0.3528	
201849201234  	-0.8872	0.4343	-0.3274	
201849201234  	-0.7964	0.4904	-0.3382	
201849201235  	-0.7935	0.4333	-0.3211	
201849201235  	-0.8589	0.4329	-0.3470	
201849201235  	-0.8852	0.4504	-0.3445	
201849201235  	-0.8569	0.4577	-0.3484	
201849201235  	-0.9150	0.4236	-0.3548	
201849201235  	-0.7252	0.4841	-0.4319	
201849201235  	-0.7910	0.5500	-0.4529	
201849201235  	-0.6242	0.5300	-0.5173	
201849201235  	-0.5729	0.6232	-0.6500	
201849201235  	-0.3479	0.6876	-0.7720	
201849201236  	-0.2689	0.5563	-0.8091	
201849201236  	-0.0146	0.5090	-0.8638	
201849201236  	-0.7935	0.4616	-1.0009	
201849201236  	0.2596	0.5075	-1.0692	
201849201236  	0.3309	0.2811	-0.6154	
201849201236  	0.3162	0.2991	-0.7393	
201849201236  	1.0121	0.5383	-0.8491	
201849201236  	0.7623	0.3514	-0.5500	
201849201236  	0.7759	0.2201	-0.4997	
201849201236  	1.1497	0.2757	-0.2484	
201849201237  	0.8174	0.1025	-0.3460	
201849201237  	1.0570	0.2255	-0.0639	
201849201237  	0.8818	0.2684	-0.1415	
201849201237  	1.2034	-0.0712	-0.4831	
201849201237  	0.8208	0.1967	-0.1879	
201849201237  	1.0712	0.0708	-0.3704	
201849201237  	1.2141	0.2211	0.0078	
201849201237  	0.7608	0.1313	-0.0732	
201849201237  	1.0043	-0.0332	0.0488	
201849201237  	1.4386	0.1410	-0.2313	
201849201238  	0.9638	0.0693	-0.0586	
201849201238  	0.7832	-0.0166	-0.0566	
201849201238  	1.2327	0.0864	-0.1083	
201849201238  	0.9579	0.1332	-0.1298	
201849201238  	0.8481	0.1410	-0.0986	
201849201238  	1.2532	0.0981	-0.1298	
201849201238  	1.0199	0.1098	0.0264	
201849201238  	0.7871	-0.0234	-0.0024	
201849201238  	1.3113	0.0659	-0.1220	
201849201238  	0.9013	0.1913	-0.0298	
201849201239  	0.7403	0.0293	-0.0683	
201849201239  	1.1985	0.0459	-0.0195	
201849201239  	1.0594	0.0849	-0.1654	
201849201239  	0.8047	0.2040	-0.1181	
201849201239  	1.4123	-0.1176	-0.0810	
201849201239  	1.1263	0.2904	0.0307	
201849201239  	0.7647	0.1396	-0.1069	
201849201239  	1.5030	-0.1679	0.0181	
201849201239  	1.1405	0.2015	0.0805	
201849201239  	0.7647	0.2176	-0.1430	
201849201240  	1.2776	-0.0825	-0.1054	
201849201240  	1.0834	0.2430	-0.0859	
201849201240  	0.6837	0.1630	-0.0937	
201849201240  	1.3449	-0.1371	-0.1010	
201849201240  	0.9770	0.1976	-0.1523	
201849201240  	0.8550	0.1337	0.1752	
201849201240  	1.0307	-0.0010	-0.0820	
201849201240  	1.0848	0.1064	-0.1674	
201849201240  	0.8433	0.1191	0.0088	
201849201240  	1.0502	-0.0137	-0.0644	
201849201241  	1.0868	0.1313	-0.1357	
201849201241  	0.6754	0.1484	0.0117	
201849201241  	1.2786	-0.1235	0.0834	
201849201241  	1.1961	0.0415	-0.0820	
201849201241  	0.5671	0.1557	-0.1903	
201849201241  	1.0878	0.0449	0.1508	
201849201241  	1.1361	0.1718	0.0024	
201849201241  	0.6676	0.1723	-0.0049	
201849201241  	1.2537	-0.0712	0.0483	
201849201241  	1.0155	0.2503	0.0181	
201849201242  	0.6925	0.1430	-0.0781	
201849201242  	1.5367	-0.1947	0.0005	
201849201242  	0.7906	0.2328	-0.0986	
201849201242  	0.8686	0.0971	-0.1005	
201849201242  	1.3459	0.0220	-0.2206	
201849201242  	0.7218	0.3323	0.0395	
201849201242  	0.8735	0.1659	0.0590	
201849201242  	1.2122	0.1654	-0.1259	
201849201242  	0.9331	0.1991	-0.0683	
201849201242  	0.8725	0.0820	-0.1230	
201849201243  	1.2220	-0.0210	-0.3328	
201849201243  	0.9750	0.2713	0.1879	
201849201243  	0.7828	0.0991	-0.1942	
201849201243  	1.1790	0.0146	-0.1810	
201849201243  	0.9579	0.0996	-0.2967	
201849201243  	0.9701	0.1591	0.0190	
201849201243  	0.9804	0.1181	0.0893	
201849201243  	1.0721	0.2582	0.2245	
201849201243  	1.0248	0.1679	0.1269	
201849201243  	1.0712	0.1435	0.1303	
201849201244  	0.9521	0.1923	0.1796	
201849201244  	1.0682	0.1118	-0.0498	
201849201244  	1.0287	0.0732	-0.0127	
201849201244  	1.0199	0.0893	-0.1435	
201849201244  	0.8711	0.2133	-0.0547	
201849201244  	0.9823	-0.0864	-0.1737	
201849201244  	1.1517	0.1698	-0.1093	
201849201244  	0.8267	0.1815	0.0039	
201849201244  	0.8730	-0.1952	-0.2826	
201849201244  	1.4957	-0.0517	-0.1279	
201849201245  	0.9701	0.1972	-0.0981	
201849201245  	0.8535	0.0464	-0.2050	
201849201245  	1.3996	-0.1225	-0.0717	
201849201245  	0.7598	0.0893	0.0337	
201849201245  	0.9716	-0.0273	-0.1025	
201849201245  	1.3991	-0.0717	-0.0576	
201849201245  	0.9223	0.1986	-0.1845	
201849201245  	0.8008	0.0805	-0.0874	
201849201245  	1.4035	-0.0781	-0.0464	
201849201245  	1.1497	-0.0083	-0.2450	
201849201246  	0.7403	0.1308	-0.0947	
201849201246  	1.3303	-0.1664	-0.0351	
201849201246  	0.9584	0.2621	-0.0917	
201849201246  	0.6256	0.1728	0.0576	
201849201246  	1.2098	-0.0693	0.0766	
201849201246  	0.9945	0.2162	-0.2562	
201849201246  	0.6993	0.2108	0.0551	
201849201246  	1.5255	-0.3182	0.0151	
201849201246  	0.8725	0.2259	-0.1044	
201849201246  	0.7862	0.1049	0.0937	
201849201247  	1.3771	-0.0854	-0.0215	
201849201247  	0.8564	0.1401	-0.2225	
201849201247  	0.5919	0.3265	-0.0908	
201849201247  	1.4162	-0.1088	0.1196	
201849201247  	1.1478	0.0976	-0.0966	
201849201247  	0.7959	0.1713	-0.0683	
201849201247  	1.2703	-0.1518	0.0264	
201849201247  	1.1102	0.1030	0.0800	
201849201247  	0.6144	0.1074	-0.2694	
201849201247  	1.6602	-0.2850	0.1718	
201849201248  	0.6788	0.2513	-0.0747	
201849201248  	1.0546	-0.2206	-0.1371	
201849201248  	1.2952	0.0259	0.0273	
201849201248  	0.6759	0.2084	-0.0098	
201849201248  	0.8564	0.1596	-0.0854	
201849201248  	1.2015	0.0537	-0.1630	
201849201248  	0.6637	0.1918	0.0810	
201849201248  	1.1146	-0.0932	0.0073	
201849201248  	1.1663	0.0615	-0.1684	
201849201248  	0.5988	0.4260	0.1200	
201849201249  	0.9453	0.0527	-0.0102	
201849201249  	1.1400	0.1015	-0.1776	
201849201249  	0.7935	0.2621	-0.0454	
201849201249  	0.9374	0.2503	0.0547	
201849201249  	1.3313	-0.1840	-0.0283	
201849201249  	0.6925	0.2167	-0.1620	
201849201249  	1.3801	-0.0927	-0.1039	
201849201249  	0.8599	0.2943	0.1279	
201849201249  	0.5412	0.3016	0.1054	
201849201249  	1.0936	0.0307	-0.3240	
201849201250  	0.6032	0.3748	0.3099	
201849201250  	1.2986	-0.3133	-0.0171	
201849201250  	0.9721	0.0444	-0.1342	
201849201250  	0.9287	-0.0991	0.0966	
201849201250  	1.0521	-0.0444	-0.1606	
201849201250  	0.8516	0.1527	0.2733	
201849201250  	1.2063	-0.1142	-0.0020	
201849201250  	0.9999	0.0956	-0.0600	
201849201250  	0.8164	0.1103	0.0244	
201849201250  	1.2098	-0.1791	-0.1054	
201849201251  	0.9531	0.1537	-0.0903	
201849201251  	0.7325	-0.0298	-0.1659	
201849201251  	1.2815	-0.2328	0.0434	
201849201251  	0.9189	0.1318	0.0590	
201849201251  	0.8154	-0.0473	-0.0249	
201849201251  	1.5172	-0.3728	0.1444	
201849201251  	0.7945	0.1503	-0.0576	
201849201251  	0.8218	0.1240	0.2806	
201849201251  	1.6514	-0.2660	0.0698	
201849201251  	0.8608	0.2308	0.1283	
201849201252  	0.8145	0.0927	0.1088	
201849201252  	1.4274	-0.0537	0.0439	
201849201252  	0.7530	0.2191	0.1425	
201849201252  	0.9008	0.0678	0.0571	
201849201252  	1.2952	0.0439	0.0712	
201849201252  	0.5680	0.3655	0.1127	
201849201252  	1.1331	-0.0849	0.0449	
201849201252  	1.1092	0.1303	0.0268	
201849201252  	0.5802	0.3060	0.2611	
201849201252  	1.2981	-0.1440	0.0371	
201849201253  	1.1614	-0.0356	0.0337	
201849201253  	0.6412	0.1566	0.1810	
201849201253  	1.2395	-0.2660	0.0566	
201849201253  	0.9970	0.0449	0.0571	
201849201253  	0.7652	-0.0698	0.0605	
201849201253  	1.6026	-0.2303	0.1293	
201849201253  	0.7457	0.2054	0.0693	
201849201253  	0.8106	0.0166	0.0434	
201849201253  	1.2293	-0.0029	-0.0020	
201849201253  	0.6115	0.2406	0.0644	
201849201254  	1.1136	-0.0547	0.2625	
201849201254  	1.0258	0.1498	0.2357	
201849201254  	0.8428	0.0766	0.0747	
201849201254  	1.3967	-0.2401	0.0303	
201849201254  	0.7735	0.2162	0.2045	
201849201254  	1.0092	-0.2030	0.0381	
201849201254  	1.3113	-0.0049	0.1108	
201849201254  	0.9072	0.0542	0.0420	
201849201254  	1.0472	-0.0205	0.0478	
201849201254  	1.0799	-0.0532	0.0678	
201849201255  	0.9653	-0.0098	0.0078	
201849201255  	1.0028	0.0566	0.0239	
201849201255  	1.0370	0.0332	0.0503	
201849201255  	0.9941	-0.0112	0.0073	
201849201255  	0.9584	0.0244	-0.0307	
201849201255  	1.0282	0.0293	0.0410	
201849201255  	1.0282	0.0508	0.0332	
201849201255  	0.9599	0.0742	-0.0015	
201849201255  	0.9360	-0.0205	0.0034	
201849201255  	0.9697	-0.0586	0.0303	
201849201256  	1.0282	-0.0303	0.0634	
201849201256  	0.9911	0.0351	0.0151	
201849201256  	0.9711	0.0752	-0.1357	
201849201256  	0.9999	0.1157	-0.3392	
201849201256  	0.9945	0.1747	-0.5656	
201849201256  	0.9614	0.0815	-0.5144	
201849201256  	0.9135	0.2240	-0.4548	
201849201256  	0.9936	0.1898	-0.5534	
201849201256  	0.8696	0.1952	0.0683	
201849201256  	1.0224	0.2333	-0.0459	
201849201257  	0.7828	0.2830	0.1928	
201849201257  	0.9716	0.3074	0.1186	
201849201257  	1.2039	0.2625	-0.5280	
201849201257  	1.0014	0.2899	0.0649	
201849201257  	0.9628	0.0561	-0.3714	
201849201257  	0.8511	0.3133	-0.5061	
201849201257  	0.9116	0.2621	-0.0102	
201849201257  	0.9819	0.3177	0.2298	
201849201257  	0.9091	0.3621	0.3436	
201849201257  	0.8847	0.3963	0.3748	
201849201258  	0.8755	0.3411	0.2957	
201849201258  	0.9213	0.3699	0.1908	
201849201258  	0.9043	0.2445	-0.0864	
201849201258  	0.9789	0.3250	0.0434	
201849201258  	0.8594	0.3572	0.2411	
201849201258  	0.8198	0.3157	0.2674	
201849201258  	0.9096	0.2635	0.1069	
201849201258  	0.9521	0.4929	0.0063	
201849201258  	0.8438	0.5178	0.4080	
201849201258  	0.9936	0.2152	0.2499	
201849201259  	1.0106	0.1840	-0.0303	
201849201259  	1.0028	0.2991	-0.1132	
201849201259  	0.9331	0.3631	0.2347	
201849201259  	0.9365	0.2538	0.0293	
201849201259  	1.0365	0.0420	-0.1196	
201849201259  	1.0272	0.3743	-0.0849	
201849201259  	0.8428	0.3416	0.1947	
201849201259  	0.9853	0.1440	0.0893	
201849201259  	0.9848	0.1893	-0.0176	
201849201259  	0.8818	0.6188	-0.1405	
20184920130  	1.0019	0.3314	0.1850	
20184920130  	0.8667	0.1093	0.0981	
20184920130  	1.0253	0.1049	-0.0151	
20184920130  	1.0180	0.1669	-0.2494	
20184920130  	0.8154	0.1171	0.0146	
20184920130  	1.1014	-0.0273	0.0278	
20184920130  	1.1082	-0.0181	-0.3016	
20184920130  	1.0658	0.0249	-0.2274	
20184920130  	1.0165	0.0634	-0.0054	
20184920130  	1.0692	-0.0210	-0.0005	
20184920131  	1.0629	0.0342	-0.1171	
20184920131  	0.9360	0.0986	-0.1781	
20184920131  	1.0907	0.1884	-0.1440	
20184920131  	0.9321	0.1840	0.1610	
20184920131  	1.0677	-0.0834	-0.1449	
20184920131  	1.0131	0.1547	-0.2738	
20184920131  	1.0482	0.0337	-0.2738	
20184920131  	0.8916	0.1845	0.0498	
20184920131  	0.9975	0.0527	-0.1371	
20184920131  	1.0224	0.0610	-0.3572	
20184920132  	1.1014	0.0771	-0.2801	
20184920132  	1.0565	0.0151	-0.3079	
20184920132  	0.9091	0.1044	-0.0673	
20184920132  	1.0482	0.0508	-0.0556	
20184920132  	1.0409	-0.0566	-0.1615	
20184920132  	0.9067	-0.0425	-0.4895	
20184920132  	0.9599	0.1708	-0.3636	
20184920132  	0.9814	0.2391	0.0615	
20184920132  	1.0072	0.0600	0.0054	
20184920132  	1.0468	-0.0190	-0.2225	
20184920133  	0.9350	0.1571	-0.5514	
20184920133  	0.9667	0.2352	0.0054	
20184920133  	0.9960	0.1069	0.0830	
20184920133  	0.9701	0.1913	-0.0400	
20184920133  	0.9838	0.2342	-0.3123	
20184920133  	1.0097	0.3655	0.1357	
20184920133  	0.9570	0.1684	0.0508	
20184920133  	0.9379	0.1640	-0.1288	
20184920133  	1.0146	0.1386	-0.0644	
20184920133  	1.0272	0.2396	-0.0747	
20184920134  	1.0560	0.0254	0.0381	
20184920134  	0.9252	0.0459	-0.0015	
20184920134  	1.0487	0.1728	-0.1137	
20184920134  	0.9994	0.2162	0.0615	
20184920134  	1.0185	0.2645	0.0503	
20184920134  	0.9633	-0.0024	0.0234	
20184920134  	0.9740	0.0600	-0.0830	
20184920134  	1.0726	0.2562	0.1376	
20184920134  	0.9672	0.3011	0.0590	
20184920134  	0.9921	0.0327	0.0649	
20184920135  	0.9794	0.1088	-0.0410	
20184920135  	1.1361	0.1113	0.0454	
20184920135  	0.8447	0.4656	0.2054	
20184920135  	0.9902	0.2762	0.2079	
20184920135  	0.9062	0.1610	0.0307	
20184920135  	1.0756	0.0400	-0.0542	
20184920135  	1.0433	0.2918	0.0015	
20184920135  	0.9355	0.3021	0.1771	
20184920135  	0.9414	0.0991	0.0185	
20184920135  	0.9970	0.0927	-0.0551	
20184920136  	1.0019	0.2547	-0.1713	
20184920136  	0.9496	0.3977	0.1669	
20184920136  	1.0160	0.0991	0.0024	
20184920136  	1.1336	0.0117	-0.2298	
20184920136  	0.9326	0.1903	-0.1679	
20184920136  	0.9326	0.3445	-0.0307	
20184920136  	1.0307	0.1469	0.0586	
20184920136  	1.1331	-0.0039	-0.2035	
20184920136  	0.9848	0.2050	-0.2250	
20184920136  	1.0668	0.2186	0.0449	
20184920137  	0.9526	0.0786	0.0283	
20184920137  	0.9326	0.1459	0.0571	
20184920137  	1.0570	0.0332	-0.2396	
20184920137  	1.1170	0.0717	-0.0878	
20184920137  	0.9926	0.1357	-0.1728	
20184920137  	0.9013	0.1430	0.1893	
20184920137  	1.0472	0.0781	0.0264	
20184920137  	1.0575	-0.0254	-0.1869	
20184920137  	0.8921	0.3523	-0.0044	
20184920137  	0.9511	0.2015	0.3592	
20184920138  	0.8760	0.1532	-0.0342	
20184920138  	0.9394	0.0859	-0.1474	
20184920138  	1.0790	0.1757	-0.0566	
20184920138  	0.9740	0.0981	-0.0654	
20184920138  	1.0853	0.1957	0.1825	
20184920138  	1.0438	0.1371	-0.0244	
20184920138  	0.9589	0.0752	-0.1625	
20184920138  	0.9223	0.0712	-0.0410	
20184920138  	0.9492	0.0864	-0.1444	
20184920138  	1.0390	0.0756	-0.2006	
20184920139  	1.1771	-0.0156	-0.1039	
20184920139  	0.8730	0.1928	0.0034	
20184920139  	0.9999	0.1576	0.0634	
20184920139  	0.9477	0.0795	-0.1254	
20184920139  	0.9882	0.1020	-0.2098	
20184920139  	1.0546	0.0630	-0.1576	
20184920139  	0.8735	0.1293	-0.1557	
20184920139  	0.9272	0.1967	-0.0966	
20184920139  	0.9145	0.1420	-0.1415	
20184920139  	1.0790	0.1113	-0.1405	
201849201310  	0.9614	0.1108	0.0371	
201849201310  	0.8262	0.0839	-0.0634	
201849201310  	1.0941	-0.0986	-0.1893	
201849201310  	1.0726	0.1025	-0.2211	
201849201310  	0.9292	0.0859	-0.2777	
201849201310  	0.9194	0.1235	-0.3016	
201849201310  	0.9013	0.1020	-0.6578	
201849201310  	0.7950	0.1845	-0.6324	
201849201310  	0.9926	0.0810	-0.4490	
201849201310  	0.8159	0.3411	-0.4724	
201849201311  	1.0921	0.2830	-0.0966	
201849201311  	0.9267	0.2874	-0.3157	
201849201311  	0.8296	0.1513	-0.6895	
201849201311  	0.7852	0.1635	-0.4714	
201849201311  	0.9043	0.2396	-0.4333	
201849201311  	1.0268	0.2489	-0.4680	
201849201311  	1.0419	0.2611	-0.1932	
201849201311  	0.8247	0.2513	-0.5549	
201849201311  	0.8564	0.2494	-0.5456	
201849201311  	0.8701	0.2596	-0.4553	
201849201312  	0.8564	0.2806	-0.4768	
201849201312  	0.9096	0.2616	-0.5334	
201849201312  	0.9140	0.2923	-0.5241	
201849201312  	0.9126	0.1957	-0.4914	
201849201312  	0.9043	0.2054	-0.4792	
201849201312  	0.8672	0.2250	-0.4577	
201849201312  	0.8979	0.1928	-0.4743	
201849201312  	0.8911	0.2137	-0.5070	
201849201312  	0.9355	0.2079	-0.4485	
201849201312  	0.9194	0.2240	-0.4099	
201849201313  	0.9628	0.1928	-0.4875	
201849201313  	0.9306	0.2440	-0.4953	
201849201313  	0.9218	0.3099	-0.5602	
201849201313  	0.7315	0.3426	-0.5929	
201849201313  	0.6852	0.1313	-0.7081	
201849201313  	0.7818	0.1893	-0.7247	
201849201313  	0.7071	0.3509	-0.5856	
201849201313  	0.8579	0.4299	-0.3826	
201849201313  	0.8823	0.3118	-0.2264	
201849201313  	1.1590	0.3231	-0.0737	
201849201314  	0.8960	0.2821	-0.3948	
201849201314  	0.5661	0.2796	-0.8594	
201849201314  	0.8169	0.3294	-0.4675	
201849201314  	1.0321	0.3758	-0.0761	
201849201314  	1.0170	0.3518	0.0127	
201849201314  	1.0263	0.2050	-0.3431	
201849201314  	0.9130	0.1030	-0.6115	
201849201314  	0.8398	0.1610	-0.6061	
201849201314  	0.9526	0.3343	-0.2142	
201849201314  	0.9716	0.2011	-0.2538	
201849201315  	0.9945	0.2011	-0.4616	
201849201315  	1.1253	0.1288	-0.2298	
201849201315  	0.9877	0.0298	-0.4865	
201849201315  	1.0360	0.2835	-0.1693	
201849201315  	1.0756	0.3113	-0.2294	
201849201315  	0.8638	0.1191	-0.5148	
201849201315  	0.8003	0.1918	-0.5466	
201849201315  	0.9418	0.1947	-0.3933	
201849201315  	0.9633	0.2596	-0.2669	
201849201315  	0.9838	0.2840	-0.3855	
201849201316  	0.9155	0.1362	-0.4577	
201849201316  	0.7979	0.1327	-0.4802	
201849201316  	1.0043	0.1747	-0.2860	
201849201316  	0.9174	0.3631	-0.1957	
201849201316  	0.9467	0.3084	-0.3118	
201849201316  	0.9267	0.2572	-0.2747	
201849201316  	0.7901	0.3533	-0.4080	
201849201316  	1.0775	0.3021	-0.1928	
201849201316  	0.9721	0.4036	-0.3196	
201849201316  	0.8984	0.2777	-0.4026	
201849201317  	0.7525	0.3450	-0.5388	
201849201317  	0.9692	0.5578	-0.2625	
201849201317  	0.9374	0.5280	-0.0927	
201849201317  	1.0048	0.3426	-0.1669	
201849201317  	0.9955	0.1596	-0.2089	
201849201317  	0.8999	0.0210	-0.4324	
201849201317  	0.5729	0.3479	-0.0517	
201849201317  	0.9706	0.2118	-0.2103	
201849201317  	1.1165	0.1571	-0.0527	
201849201317  	0.9018	0.3328	-0.2699	
201849201318  	1.0721	0.2220	-0.2606	
201849201318  	0.8760	0.2899	-0.2367	
201849201318  	0.9750	0.2855	-0.1103	
201849201318  	1.0492	0.2533	-0.1391	
201849201318  	1.0355	0.2977	-0.2689	
201849201318  	0.4817	0.5695	-0.1337	
201849201318  	0.9531	0.2948	0.0059	
201849201318  	1.1019	0.2235	-0.0542	
201849201318  	0.9950	0.2918	-0.0991	
201849201318  	0.9794	0.2347	-0.0908	
201849201319  	0.9999	0.2860	-0.1820	
201849201319  	1.0292	0.2011	-0.2469	
201849201319  	1.0253	0.2494	0.1405	
201849201319  	1.0067	0.2791	0.0590	
201849201319  	0.9916	0.1532	-0.3040	
201849201319  	0.9428	0.2528	-0.1942	
201849201319  	0.8506	0.3723	-0.2972	
201849201319  	0.9101	0.3924	0.0005	
201849201319  	1.0038	0.3606	-0.2616	
201849201319  	0.8159	0.2786	-0.3416	
201849201320  	0.6193	0.5080	-0.1054	
201849201320  	1.0121	0.2674	-0.1371	
201849201320  	0.9809	0.4880	-0.1118	
201849201320  	0.9726	0.2298	-0.3987	
201849201320  	0.8364	0.2967	-0.4285	
201849201320  	0.8462	0.3030	-0.3694	
201849201320  	1.1087	0.4602	-0.0742	
201849201320  	0.9692	0.3987	-0.2172	
201849201320  	0.8711	0.3518	-0.3699	
201849201320  	0.8901	0.4543	-0.4597	
201849201321  	0.9960	0.2723	-0.1049	
201849201321  	0.9145	0.4246	-0.0190	
201849201321  	0.9033	0.3245	-0.1503	
201849201321  	0.8940	0.2972	-0.3699	
201849201321  	0.8921	0.3079	-0.3172	
201849201321  	0.9209	0.3323	-0.0927	
201849201321  	1.0360	0.3992	-0.0571	
201849201321  	1.0365	0.3597	-0.1708	
201849201321  	0.9267	0.4821	-0.1118	
201849201321  	0.8340	0.3640	-0.2191	
201849201322  	0.8623	0.3719	-0.0712	
201849201322  	1.0087	0.2464	-0.2069	
201849201322  	1.0887	0.1815	-0.1230	
201849201322  	0.7525	0.3216	-0.4021	
201849201322  	0.9248	0.4080	-0.1210	
201849201322  	1.0141	0.3421	-0.0966	
201849201322  	0.9892	0.3543	-0.2035	
201849201322  	0.8906	0.3167	-0.2586	
201849201322  	0.8130	0.4163	-0.3396	
201849201322  	1.1405	0.1986	0.0717	
201849201323  	1.0004	0.3226	-0.2850	
201849201323  	0.9540	0.2669	-0.2562	
201849201323  	0.8725	0.3074	-0.4587	
201849201323  	1.1863	0.2806	-0.1732	
201849201323  	1.0048	0.3118	-0.0795	
201849201323  	0.9521	0.3411	-0.0937	
201849201323  	0.9897	0.2567	-0.1415	
201849201323  	0.9906	0.2128	-0.2308	
201849201323  	0.8408	0.3743	-0.2074	
201849201323  	0.8589	0.2411	-0.1874	
201849201324  	0.9819	0.3328	-0.1591	
201849201324  	1.1053	0.3470	-0.1952	
201849201324  	0.9462	0.2508	-0.2025	
201849201324  	0.9204	0.1459	-0.3231	
201849201324  	0.9223	0.3758	-0.1166	
201849201324  	1.0194	0.2206	-0.2015	
201849201324  	1.0804	0.2962	-0.1176	
201849201324  	1.0102	0.2796	-0.1771	
201849201324  	0.7227	0.2865	-0.2723	
201849201324  	0.9784	0.2274	-0.1176	
201849201325  	1.1126	0.3631	0.0849	
201849201325  	0.9618	0.2821	-0.2435	
201849201325  	0.8628	0.3533	-0.2142	
201849201325  	0.9638	0.2118	-0.1532	
201849201325  	0.8950	0.3582	-0.0908	
201849201325  	0.9975	0.4026	-0.2381	
201849201325  	0.9462	0.2113	-0.2528	
201849201325  	0.9184	0.3645	-0.2830	
201849201325  	0.9453	0.3504	-0.2191	
201849201325  	0.8945	0.4895	-0.1928	
201849201326  	0.9672	0.3567	-0.3260	
201849201326  	0.8072	0.3343	-0.4641	
201849201326  	0.9623	0.2635	-0.4197	
201849201326  	0.8838	0.3250	-0.2098	
201849201326  	0.8330	0.4963	-0.1996	
201849201326  	0.9565	0.2591	-0.3260	
201849201326  	0.9257	0.4109	-0.2996	
201849201326  	0.4080	0.2840	-0.4992	
201849201326  	0.9536	0.3694	-0.2103	
201849201326  	1.0380	0.3880	-0.1322	
201849201327  	0.9526	0.4158	-0.2552	
201849201327  	0.8164	0.4304	-0.2030	
201849201327  	0.8569	0.3123	-0.2157	
201849201327  	1.0609	0.3455	-0.0161	
201849201327  	1.0692	0.2982	-0.1469	
201849201327  	1.0028	0.3670	-0.1630	
201849201327  	0.9096	0.2489	-0.2879	
201849201327  	0.9096	0.3245	-0.1547	
201849201327  	1.0785	0.3348	-0.1581	
201849201327  	1.0219	0.2640	-0.1737	
201849201328  	1.0760	0.2625	-0.1562	
201849201328  	0.9384	0.2508	-0.1118	
201849201328  	0.9994	0.2816	-0.0937	
201849201328  	1.0189	0.2904	-0.1313	
201849201328  	1.1307	0.3226	-0.0913	
201849201328  	0.7910	0.1430	-0.3562	
201849201328  	0.9350	0.1410	-0.1498	
201849201328  	1.1312	0.1981	-0.0176	
201849201328  	0.9892	0.2406	-0.1215	
201849201328  	1.0024	0.1845	-0.1244	
201849201329  	1.0263	0.1176	-0.1059	
201849201329  	0.7544	0.2796	-0.1401	
201849201329  	0.9692	0.2147	-0.1225	
201849201329  	1.1073	0.2508	-0.0361	
201849201329  	1.0131	0.1884	-0.1366	
201849201329  	0.9077	0.1557	-0.2523	
201849201329  	0.9433	0.2167	-0.1664	
201849201329  	0.9833	0.0732	-0.3489	
201849201329  	0.8647	0.2040	-0.1835	
201849201329  	0.9858	0.4236	0.0049	
201849201330  	0.9731	0.3436	-0.1230	
201849201330  	0.9843	0.3582	-0.1308	
201849201330  	0.9296	0.3353	-0.1259	
201849201330  	0.9130	0.2743	-0.1244	
201849201330  	0.9423	0.3196	-0.1254	
201849201330  	0.9589	0.3250	-0.1381	
201849201330  	0.9902	0.3182	-0.1405	
201849201330  	0.9750	0.3450	-0.1566	
201849201330  	0.9545	0.2943	-0.1220	
201849201330  	0.9653	0.3416	-0.1557	
201849201331  	0.9467	0.2752	-0.1425	
201849201331  	0.9872	0.2908	-0.1415	
201849201331  	0.9579	0.3592	-0.1635	
201849201331  	0.9399	0.2762	-0.1288	
201849201331  	0.9506	0.2860	-0.1742	
201849201331  	0.9370	0.3348	-0.1132	
201849201331  	0.9287	0.3221	-0.1610	
201849201331  	0.7798	0.4207	-0.3680	
201849201331  	0.7452	0.1859	-0.4368	
201849201331  	0.8540	0.2640	-0.2455	
201849201332  	1.1619	0.3050	-0.0810	
201849201332  	0.7725	-0.0073	0.1840	
201849201332  	0.9658	0.0503	0.4904	
201849201332  	0.4573	0.1205	1.1219	
201849201332  	0.4558	0.2664	0.6178	
201849201332  	0.3802	0.2123	0.8989	
201849201332  	0.3558	0.4363	0.8867	
201849201332  	0.3509	0.2938	0.7061	
201849201332  	0.2625	-0.4909	1.1244	
201849201332  	0.3963	0.3650	0.8696	
201849201333  	0.4558	0.3758	0.7925	
201849201333  	0.1474	-0.1401	0.8721	
201849201333  	0.3865	-0.2113	0.9365	
201849201333  	0.3567	1.0087	0.8028	
201849201333  	0.5710	0.0874	0.7993	
201849201333  	0.3758	0.0205	0.7178	
201849201333  	0.4265	0.4895	0.7808	
201849201333  	0.6934	-0.8623	1.2288	
201849201333  	0.3167	0.3411	0.8862	
201849201333  	0.2762	0.6066	0.8076	
201849201334  	0.2840	-0.5607	1.0258	
201849201334  	0.2338	-0.0215	0.9443	
201849201334  	0.3475	0.5905	0.7178	
201849201334  	0.1879	-0.2338	0.9374	
201849201334  	0.1386	0.3211	0.9653	
201849201334  	0.4099	0.5402	0.7623	
201849201334  	0.2572	-0.4124	0.9252	
201849201334  	0.1693	0.4085	0.9472	
201849201334  	0.3958	0.4285	0.7901	
201849201334  	0.2728	-0.3143	0.9004	
201849201335  	0.2499	-0.1191	0.8350	
201849201335  	0.3802	0.6281	0.7393	
201849201335  	0.2552	0.0961	0.8999	
201849201335  	0.4577	0.0976	0.8057	
201849201335  	0.3928	0.6149	0.7398	
201849201335  	0.3562	-0.3855	0.9784	
201849201335  	0.2889	0.1205	0.8189	
201849201335  	0.3494	0.5217	0.8086	
201849201335  	0.3001	-0.3353	0.9755	
201849201335  	0.1928	0.1142	0.9540	
201849201336  	0.2860	0.4582	0.7710	
201849201336  	0.3167	-0.3709	0.8701	
201849201336  	0.3797	0.1767	0.9277	
201849201336  	0.4197	0.0063	0.7959	
201849201336  	0.2928	-0.2625	0.9560	
201849201336  	0.3406	1.0106	0.8589	
201849201336  	0.2308	0.1098	0.8550	
201849201336  	0.3728	-0.2284	0.8535	
201849201336  	0.5744	1.1527	0.8072	
201849201336  	0.3748	-0.1210	0.8501	
201849201337  	0.4089	-0.0512	0.8262	
201849201337  	0.4128	0.6368	0.7842	
201849201337  	0.2913	-0.5841	1.0097	
201849201337  	0.5153	0.0795	0.8316	
201849201337  	0.2811	0.5578	0.7652	
201849201337  	0.3177	-0.3401	0.9877	
201849201337  	0.4036	0.8159	0.7427	
201849201337  	0.2567	0.1693	0.7383	
201849201337  	0.4626	-0.2181	0.7686	
201849201337  	0.4997	0.3094	0.8623	
201849201338  	0.3592	-0.1230	0.9233	
201849201338  	0.4568	-0.0264	0.7169	
201849201338  	0.4519	0.6486	0.7598	
201849201338  	0.3762	-0.5470	0.8701	
201849201338  	0.2987	-0.0483	0.9096	
201849201338  	0.4153	0.5754	0.7227	
201849201338  	0.3636	-0.1527	0.8091	
201849201338  	0.2884	0.0903	0.8672	
201849201338  	0.4660	0.5724	0.7564	
201849201338  	0.3006	-0.2596	0.9926	
201849201339  	0.4377	0.1747	0.8667	
201849201339  	0.4319	0.5388	0.8111	
201849201339  	0.4465	-0.4880	0.8540	
201849201339  	0.5329	0.5168	0.7984	
201849201339  	0.3870	0.2757	0.8638	
201849201339  	0.3997	-0.2796	0.8189	
201849201339  	0.4460	0.2338	0.8184	
201849201339  	0.3309	0.1035	0.8994	
201849201339  	0.3767	-0.3030	0.8779	
201849201339  	0.3030	0.8574	0.9828	
201849201340  	0.1249	0.0327	0.7945	
201849201340  	0.3470	-0.2782	0.8872	
201849201340  	0.4660	0.5602	0.8496	
201849201340  	0.2201	-0.0752	0.9560	
201849201340  	0.1947	0.2728	0.9370	
201849201340  	0.2840	0.6681	0.8535	
201849201340  	0.3353	-0.3406	0.8340	
201849201340  	0.4006	0.2796	0.9038	
201849201340  	0.3118	0.3933	0.8691	
201849201340  	0.2801	0.1518	0.8335	
201849201341  	0.3518	0.4597	0.7940	
201849201341  	0.3240	-0.1625	0.9140	
201849201341  	0.2957	-0.1913	0.8955	
201849201341  	0.3689	0.7447	0.9087	
201849201341  	0.3362	0.0098	0.8618	
201849201341  	0.3138	-0.2889	0.9560	
201849201341  	0.5134	0.3104	0.7779	
201849201341  	0.3187	0.0898	0.8930	
201849201341  	0.2708	-0.3626	0.9213	
201849201341  	0.3523	1.1575	0.8364	
201849201342  	0.1918	0.0874	0.8960	
201849201342  	0.2972	-0.2064	0.9048	
201849201342  	0.4236	0.5456	0.9096	
201849201342  	0.2996	0.0615	0.9174	
201849201342  	0.2342	-0.2328	0.9521	
201849201342  	0.4099	0.5261	0.7867	
201849201342  	0.3782	0.0371	0.8725	
201849201342  	0.1362	0.2469	0.9243	
201849201342  	0.4904	0.4114	0.8477	
201849201342  	0.2303	-0.1166	0.9326	
201849201343  	0.3948	0.1932	0.8462	
201849201343  	0.2767	0.1449	0.8994	
201849201343  	0.3065	0.3172	0.8877	
201849201343  	0.3187	0.2035	0.8769	
201849201343  	0.2713	0.2133	0.8667	
201849201343  	0.3670	0.1435	0.9082	
201849201343  	0.3221	0.2586	0.8569	
201849201343  	0.3206	0.1947	0.8721	
201849201343  	0.3367	0.1767	0.8477	
201849201343  	0.2450	0.1840	0.8535	
201849201344  	0.3401	0.2015	0.9096	
201849201344  	0.3196	0.2855	0.8799	
201849201344  	0.3309	0.1523	0.8535	
201849201344  	0.2835	0.2474	0.9287	
201849201344  	0.2757	0.1405	0.8696	
201849201344  	0.2577	0.2811	0.8477	
201849201344  	0.1781	0.1469	0.6080	
201849201344  	0.2440	0.2611	0.5963	
201849201344  	-0.1723	0.3070	0.9160	
201849201344  	-0.4919	0.1186	0.4870	
201849201345  	-1.0702	0.5534	0.0605	
201849201345  	-0.7535	0.5993	-0.1757	
201849201345  	-0.6378	0.3933	-0.4929	
201849201345  	-0.5065	0.5558	-0.7647	
201849201345  	-0.2669	0.5144	-0.9033	
201849201345  	-0.2352	0.4021	-0.9111	
201849201345  	-0.3997	0.3392	-0.9638	
201849201345  	-1.0067	0.4148	-1.2478	
201849201345  	0.1986	0.2630	-1.3181	
201849201345  	0.4509	0.2996	-1.2190	
201849201346  	-0.0264	0.3743	-0.8740	
201849201346  	-0.0205	0.2835	-0.8003	
201849201346  	0.0493	0.3841	-1.0697	
201849201346  	0.1620	0.3387	-1.0292	
201849201346  	0.0059	0.4573	-1.1468	
201849201346  	-0.1122	0.5963	-1.0092	
201849201346  	-0.1454	0.2435	-0.8652	
201849201346  	0.1186	0.2137	-1.1180	
201849201346  	0.1205	0.5134	-1.1883	
201849201346  	0.1425	0.7174	-0.9555	
201849201347  	-0.0425	-0.0664	-0.9135	
201849201347  	0.1064	0.1508	-1.1863	
201849201347  	0.0698	1.0136	-0.8652	
201849201347  	0.0166	-0.1269	-1.0878	
201849201347  	0.1547	0.2474	-1.0516	
201849201347  	0.1157	0.7413	-0.9038	
201849201347  	0.1737	0.7300	-0.9062	
201849201347  	0.0220	0.0864	-0.9784	
201849201347  	0.2723	0.7237	-1.0258	
201849201347  	0.1064	0.6510	-0.9204	
201849201348  	0.0683	0.0234	-0.9740	
201849201348  	0.0678	0.3577	-1.1995	
201849201348  	0.1210	0.6202	-0.9130	
201849201348  	-0.1523	-0.3636	-1.0004	
201849201348  	0.1205	0.4153	-1.0756	
201849201348  	0.1981	0.6095	-0.9843	
201849201348  	-0.1415	-0.1527	-0.8433	
201849201348  	0.0542	0.2030	-1.1122	
201849201348  	0.0444	0.7603	-1.0219	
201849201348  	-0.0439	-0.0498	-0.9374	
201849201349  	0.1371	0.1786	-1.0960	
201849201349  	0.1693	1.1302	-0.9443	
201849201349  	-0.0063	0.2098	-1.0370	
201849201349  	0.1566	0.3050	-1.0775	
201849201349  	0.2377	0.7569	-1.0009	
201849201349  	0.0620	0.7554	-0.8154	
201849201349  	0.0732	0.2015	-1.0375	
201849201349  	0.2738	0.6564	-1.1746	
201849201349  	0.2123	0.6237	-0.9706	
201849201349  	-0.0791	-0.0649	-0.9355	
201849201350  	0.1132	0.3245	-1.1897	
201849201350  	0.1147	0.7047	-0.9311	
201849201350  	-0.1318	-0.3255	-0.9599	
201849201350  	0.0366	0.3577	-1.0424	
201849201350  	0.0693	0.6422	-0.9916	
201849201350  	-0.1747	-0.2728	-0.9130	
201849201350  	0.0005	0.1913	-1.0585	
201849201350  	0.1342	0.9023	-0.9750	
201849201350  	-0.0834	0.1279	-0.9809	
201849201350  	0.0346	0.1732	-1.0155	
201849201351  	0.1161	1.2590	-1.1126	
201849201351  	-0.0346	0.3070	-0.8569	
201849201351  	0.0449	0.1571	-0.9936	
201849201351  	0.1801	0.7398	-1.1043	
201849201351  	0.0581	0.6393	-0.8886	
201849201351  	0.0137	0.0468	-1.0677	
201849201351  	0.2791	0.8242	-1.2942	
201849201351  	0.1752	0.7091	-0.8891	
201849201351  	0.0337	0.0644	-1.0258	
201849201351  	-0.0181	0.4294	-1.1380	
201849201352  	0.1352	0.7740	-1.0463	
201849201352  	-0.0669	-0.0063	-1.0082	
201849201352  	-0.0551	0.4612	-1.0390	
201849201352  	0.0859	0.7335	-0.8706	
201849201352  	-0.0220	-0.2255	-0.9867	
201849201352  	0.0181	0.3640	-1.1024	
201849201352  	0.1186	0.6866	-0.9823	
201849201352  	-0.0551	-0.2103	-0.9804	
201849201352  	0.0049	0.2098	-1.1366	
201849201352  	0.0678	0.8091	-1.0731	
201849201353  	-0.2020	-0.2025	-0.8472	
201849201353  	0.1196	0.1366	-1.1829	
201849201353  	0.1728	1.1122	-0.9589	
201849201353  	0.0669	0.1157	-1.0634	
201849201353  	0.0376	0.2113	-1.0673	
201849201353  	0.0293	0.8735	-1.1117	
201849201353  	-0.0634	0.3738	-0.8247	
201849201353  	-0.0029	0.1942	-1.0077	
201849201353  	-0.0171	0.6471	-1.0394	
201849201353  	0.1103	0.8076	-0.8228	
201849201354  	0.0527	-0.0288	-1.0341	
201849201354  	0.1122	0.2791	-1.0765	
201849201354  	0.0595	0.6403	-0.9453	
201849201354  	-0.0712	-0.3445	-0.9980	
201849201354  	-0.1357	-0.0547	-1.1888	
201849201354  	0.0493	0.9360	-1.0526	
201849201354  	0.0098	-0.0244	-0.9726	
201849201354  	0.1454	0.1337	-1.0546	
201849201354  	0.1649	1.1976	-1.0043	
201849201354  	0.0498	0.2889	-0.9423	
201849201355  	0.1288	0.2342	-0.9618	
201849201355  	0.1527	1.0360	-0.8804	
201849201355  	-0.1264	0.1854	-0.9052	
201849201355  	0.0327	0.2225	-0.9599	
201849201355  	0.2933	0.6320	-1.0014	
201849201355  	0.1557	0.7701	-0.8745	
201849201355  	0.0376	-0.0532	-0.9618	
201849201355  	0.0205	0.1893	-1.0648	
201849201355  	0.2362	0.7276	-1.0238	
201849201355  	-0.1005	-0.3562	-0.9579	
201849201356  	0.0156	0.2835	-1.0829	
201849201356  	0.1230	0.8677	-1.0531	
201849201356  	0.1200	-0.1601	-0.7915	
201849201356  	0.0693	0.1898	-1.1673	
201849201356  	0.1859	0.9389	-0.9999	
201849201356  	-0.1537	0.0542	-0.8115	
201849201356  	0.0503	0.2962	-1.0024	
201849201356  	0.1615	0.6461	-1.1322	
201849201356  	0.0669	0.6593	-0.8374	
201849201356  	0.0361	-0.0410	-1.0321	
201849201357  	0.1606	0.4704	-1.0414	
201849201357  	-0.0078	0.3099	-1.0448	
201849201357  	0.0190	0.3509	-0.9667	
201849201357  	0.1386	0.4089	-1.0385	
201849201357  	0.0473	0.2967	-1.0014	
201849201357  	0.0649	0.3494	-0.9955	
201849201357  	0.0752	0.3714	-1.0189	
201849201357  	0.0771	0.3333	-1.0346	
201849201357  	0.0786	0.3738	-1.0424	
201849201357  	0.0425	0.3245	-1.0433	
201849201358  	0.1059	0.3577	-1.0087	
201849201358  	-0.0044	0.3172	-1.0321	
201849201358  	0.1108	0.2889	-1.0316	
201849201358  	0.0395	0.3240	-1.0394	
201849201358  	0.0346	0.3070	-1.0365	
201849201358  	0.0234	0.3445	-1.0092	
201849201358  	0.0303	0.2860	-1.0228	
201849201358  	0.1054	0.3714	-1.0297	
201849201358  	0.0649	0.3655	-1.0165	
201849201358  	0.0244	0.3406	-1.0219	
201849201359  	0.0913	0.3660	-1.0228	
201849201359  	0.0581	0.4041	-0.9960	
201849201359  	0.0576	0.3211	-1.0331	
201849201359  	0.0386	0.3704	-0.9862	
201849201359  	0.1283	0.3021	-1.0146	
201849201359  	0.0517	0.3314	-1.0126	
201849201359  	0.0590	0.2996	-1.0228	
201849201359  	0.0376	0.2982	-1.0287	
201849201359  	0.0142	0.3109	-1.0429	
201849201359  	0.0264	0.3089	-0.9804	
20184920140  	-0.0132	0.2865	-1.0848	
20184920140  	-0.0351	0.3294	-1.0429	
20184920140  	0.0063	0.2952	-0.9843	
20184920140  	-0.0683	0.2694	-1.0414	
20184920140  	-0.0522	0.3226	-1.0638	
20184920140  	-0.4729	0.3006	-0.9384	
20184920140  	-0.7052	0.3162	-0.6515	
20184920140  	-0.4197	0.1654	-0.1962	
20184920140  	-0.9618	0.2957	0.1552	
20184920140  	-0.7925	0.2513	0.2206	
20184920141  	-0.7125	0.1864	0.3816	
20184920141  	-0.8525	0.2167	0.5690	
20184920141  	-0.5602	0.1601	0.6993	
20184920141  	-0.4168	0.3684	0.5090	
20184920141  	-0.3279	-0.0244	0.9516	
20184920141  	-0.2894	0.1454	0.9243	
20184920141  	-0.2518	0.2377	0.9062	
20184920141  	0.0898	0.2377	1.0819	
20184920141  	0.0381	0.4226	0.7178	
20184920141  	0.0986	-0.3021	1.0477	
20184920142  	0.1742	0.2664	0.6627	
20184920142  	0.2391	0.4782	1.0170	
20184920142  	0.1693	-0.2625	1.2102	
20184920142  	-0.2391	-0.2401	0.8682	
20184920142  	-0.1362	1.0917	1.0038	
20184920142  	0.2455	-0.0410	1.0521	
20184920142  	-0.1806	0.0278	0.6695	
20184920142  	-0.1283	0.3118	1.1980	
20184920142  	0.2108	0.2557	0.8169	
20184920142  	-0.1820	-0.1581	0.8042	
20184920143  	-0.3704	-0.0127	1.0438	
20184920143  	0.0644	0.9282	0.6510	
20184920143  	-0.1596	-0.4226	0.9594	
20184920143  	-0.1386	0.1493	0.9662	
20184920143  	-0.1098	0.8154	0.7720	
20184920143  	-0.1137	-0.0268	0.6461	
20184920143  	-0.1972	0.3377	1.0809	
20184920143  	-0.0283	0.5124	0.8628	
20184920143  	-0.1562	0.0142	0.6881	
20184920143  	-0.0742	0.3333	1.0346	
20184920144  	-0.0478	0.5061	0.7774	
20184920144  	-0.1196	-0.1474	0.6446	
20184920144  	-0.2582	0.2538	1.0165	
20184920144  	0.2264	0.4997	0.8194	
20184920144  	-0.0288	-0.6676	1.0385	
20184920144  	-0.2416	0.0381	0.9433	
20184920144  	0.2401	0.3255	0.9209	
20184920144  	-0.1225	-0.4202	0.9135	
20184920144  	-0.3045	0.0063	0.9760	
20184920144  	0.1103	0.4831	0.9501	
20184920145  	-0.2655	-0.5217	0.8833	
20184920145  	-0.2054	-0.1069	0.9916	
20184920145  	-0.1391	0.5514	1.0028	
20184920145  	-0.1547	-0.4046	1.1619	
20184920145  	-0.1318	-0.1923	0.9955	
20184920145  	0.1210	0.2943	1.3044	
20184920145  	0.0444	-0.1069	0.9379	
20184920145  	-0.2074	-0.0830	0.9248	
20184920145  	-0.0185	0.6568	1.0380	
20184920145  	-0.0044	0.2704	0.9350	
20184920146  	-0.0913	-0.1200	0.6920	
20184920146  	-0.0478	0.3826	1.0321	
20184920146  	0.0434	0.4309	0.7662	
20184920146  	-0.2201	-0.5100	0.8847	
20184920146  	-0.0537	0.1996	0.8813	
20184920146  	0.0844	0.3026	0.8750	
20184920146  	-0.2747	-0.3187	0.9677	
20184920146  	-0.1049	-0.4211	1.2937	
20184920146  	0.0327	0.7974	0.9306	
20184920146  	0.0468	0.4260	0.6930	
20184920147  	-0.2494	-0.1181	0.9028	
20184920147  	-0.0190	0.4592	0.9394	
20184920147  	-0.0102	0.4558	0.8984	
20184920147  	-0.2430	-0.0576	0.7574	
20184920147  	-0.1932	0.6061	0.9028	
20184920147  	-0.0473	0.1093	0.9877	
20184920147  	-0.1796	-0.0171	0.8062	
20184920147  	-0.1415	0.4665	0.9950	
20184920147  	-0.2245	0.3470	1.0087	
20184920147  	-0.2484	-0.0190	0.8184	
20184920148  	-0.2904	0.4138	0.9819	
20184920148  	-0.0259	0.2601	0.8208	
20184920148  	-0.3250	-0.1147	0.8442	
20184920148  	-0.1903	0.4929	1.0272	
20184920148  	0.0264	0.0688	0.8882	
20184920148  	-0.2362	0.0278	0.7403	
20184920148  	-0.2035	0.4055	0.9204	
20184920148  	-0.0454	-0.2064	0.9721	
20184920148  	-0.3577	-0.1157	0.8135	
20184920148  	-0.2460	0.8608	0.8974	
20184920149  	-0.0288	-0.0542	1.0180	
20184920149  	-0.3714	-0.1708	0.8706	
20184920149  	-0.3343	0.9306	1.0243	
20184920149  	0.0639	-0.3714	1.2176	
20184920149  	-0.3396	0.0151	0.8906	
20184920149  	-0.3299	0.6832	0.9482	
20184920149  	-0.0942	0.4207	0.9155	
20184920149  	-0.3216	-0.1606	0.8252	
20184920149  	-0.2367	0.4997	0.8721	
20184920149  	-0.1791	0.5866	0.9379	
201849201410  	-0.2147	-0.2020	0.7330	
201849201410  	-0.3440	0.7110	0.7920	
201849201410  	-0.0639	0.5051	0.8423	
201849201410  	-0.2923	-0.1781	0.6378	
201849201410  	-0.3157	0.2513	0.9223	
201849201410  	0.0547	0.5231	0.8428	
201849201410  	-0.3860	-0.2557	0.9199	
201849201410  	-0.3118	0.5270	0.8477	
201849201410  	0.0717	0.4431	0.8252	
201849201410  	-0.3318	-0.2869	0.9457	
201849201411  	-0.3436	-0.0664	0.9438	
201849201411  	0.0468	0.4831	0.8106	
201849201411  	-0.3699	-0.2045	0.9516	
201849201411  	-0.4490	0.0298	0.9140	
201849201411  	-0.0615	0.6773	0.9189	
201849201411  	-0.2118	0.1230	0.7784	
201849201411  	-0.3967	-0.0303	0.9199	
201849201411  	-0.0664	0.5617	1.0009	
201849201411  	-0.2362	0.2377	0.6720	
201849201411  	-0.3196	0.0083	0.8847	
201849201412  	-0.1342	0.8774	0.8657	
201849201412  	-0.1586	0.4026	0.5807	
201849201412  	-0.3826	-0.0908	0.9321	
201849201412  	-0.1645	0.8491	0.8984	
201849201412  	-0.0639	0.5553	0.9116	
201849201412  	-0.1357	0.1161	0.7749	
201849201412  	-0.3074	0.9511	0.8013	
201849201412  	-0.1713	0.5139	0.9311	
201849201412  	-0.1059	0.1054	0.9487	
201849201412  	-0.2455	0.5719	0.9150	
201849201413  	0.1035	0.4412	0.7632	
201849201413  	-0.2664	0.0137	0.7022	
201849201413  	-0.1152	0.4192	0.8686	
201849201413  	-0.0473	0.1996	0.8779	
201849201413  	-0.1684	0.1220	0.9091	
201849201413  	-0.2162	0.2655	0.8926	
201849201413  	-0.1000	0.2025	0.9018	
201849201413  	-0.1225	0.1562	0.9013	
201849201413  	-0.1952	0.2040	0.9287	
201849201413  	-0.2484	0.1903	0.8935	
201849201414  	-0.1640	0.2011	0.8823	
201849201414  	-0.1884	0.1796	0.8477	
201849201414  	-0.1684	0.2001	0.8945	
201849201414  	-0.1386	0.1679	0.9038	
201849201414  	-0.2089	0.1986	0.8862	
201849201414  	-0.1996	0.2030	0.9252	
201849201414  	-0.1757	0.2040	0.8965	
201849201414  	-0.1430	0.2259	0.7881	
201849201414  	-0.4377	0.2655	0.7120	
201849201414  	-0.7525	0.3348	0.4914	
201849201415  	-0.7974	0.3719	-0.1186	
201849201415  	-0.8242	0.4441	-0.6359	
201849201415  	-0.5061	0.5158	-0.6437	
201849201415  	-0.3411	0.4431	-0.9575	
201849201415  	-0.2269	0.3914	-1.1805	
201849201415  	-0.0561	0.3567	-0.9550	
201849201415  	-0.0893	0.1903	-0.7237	
201849201415  	0.2577	0.4255	-0.8955	
201849201415  	0.0508	0.2923	-0.8350	
201849201415  	-0.0859	0.1083	-1.0853	
201849201416  	0.1645	0.2669	-1.1580	
201849201416  	0.1698	0.7086	-0.8628	
201849201416  	0.0415	0.5739	-0.9399	
201849201416  	0.0595	-0.3099	-1.2385	
201849201416  	0.3689	0.1157	-1.0975	
201849201416  	0.2660	0.6959	-1.0799	
201849201416  	0.2616	0.2747	-0.8574	
201849201416  	0.4070	0.1200	-1.0497	
201849201416  	0.4182	0.8408	-0.9204	
201849201416  	0.3104	0.6895	-0.7642	
201849201417  	0.3714	0.0942	-0.9833	
201849201417  	0.4773	0.5832	-1.1068	
201849201417  	0.1815	0.6061	-0.9662	
201849201417  	-0.0615	-0.2845	-1.6158	
201849201417  	0.1718	-0.1771	-1.1409	
201849201417  	0.1454	0.9052	-1.0063	
201849201417  	0.0522	0.3445	-1.1531	
201849201417  	0.0800	0.0659	-1.0677	
201849201417  	0.0742	0.9423	-1.0414	
201849201417  	0.1649	0.5919	-0.8135	
201849201418  	0.0434	0.0961	-1.0926	
201849201418  	0.1337	0.6783	-0.9457	
201849201418  	0.1044	0.7598	-0.9374	
201849201418  	-0.0229	-0.1240	-1.1385	
201849201418  	0.1850	0.3806	-1.0155	
201849201418  	0.1088	0.5441	-1.0219	
201849201418  	0.0537	-0.3387	-1.1488	
201849201418  	0.2996	0.0913	-1.1073	
201849201418  	0.2176	0.6681	-1.0477	
201849201418  	-0.0903	0.1235	-0.8628	
201849201419  	0.1513	0.0512	-1.2273	
201849201419  	0.0522	0.8560	-0.9579	
201849201419  	-0.1493	0.1684	-0.8233	
201849201419  	0.1191	0.0805	-1.0453	
201849201419  	0.0576	0.7388	-1.1068	
201849201419  	-0.1132	0.4358	-0.7930	
201849201419  	0.0512	0.0532	-1.0521	
201849201419  	-0.0630	0.5285	-1.0341	
201849201419  	0.0468	0.5817	-0.8911	
201849201419  	-0.0102	0.0102	-1.0570	
201849201420  	0.0791	0.3250	-1.0712	
201849201420  	0.0190	0.5915	-1.0302	
201849201420  	0.0669	-0.0722	-1.1204	
201849201420  	0.0117	0.2079	-1.0516	
201849201420  	0.0981	0.6446	-0.9492	
201849201420  	0.0600	-0.0864	-1.0433	
201849201420  	0.0381	0.3719	-1.0287	
201849201420  	-0.0415	0.6608	-0.8335	
201849201420  	0.1581	-0.0590	-1.0882	
201849201420  	0.1010	0.5197	-1.0668	
201849201421  	0.0800	0.5339	-0.9662	
201849201421  	0.0561	-0.1957	-1.1131	
201849201421  	0.2596	0.4504	-0.9911	
201849201421  	0.1508	0.6242	-0.9423	
201849201421  	-0.1493	-0.1874	-1.1839	
201849201421  	-0.0356	0.4397	-1.0931	
201849201421  	-0.0156	0.5841	-0.9955	
201849201421  	-0.1288	-0.0683	-1.0980	
201849201421  	-0.0434	0.4641	-1.0512	
201849201421  	0.0063	0.5431	-0.9267	
201849201422  	-0.1103	-0.0620	-1.0585	
201849201422  	-0.1054	0.4255	-1.1766	
201849201422  	-0.1025	0.5793	-0.9794	
201849201422  	-0.1440	-0.2303	-1.1131	
201849201422  	-0.0132	0.5109	-1.0760	
201849201422  	-0.0542	0.5890	-1.0487	
201849201422  	-0.2913	-0.2411	-1.0936	
201849201422  	-0.0756	0.3826	-1.1151	
201849201422  	0.0083	0.5051	-1.1122	
201849201422  	-0.2962	-0.3645	-1.0292	
201849201423  	-0.0747	0.2816	-1.0360	
201849201423  	-0.0073	0.5563	-1.1580	
201849201423  	-0.1513	-0.2079	-1.0492	
201849201423  	0.0898	0.1464	-0.9643	
201849201423  	-0.0029	0.6080	-1.1468	
201849201423  	-0.0015	0.0298	-0.8164	
201849201423  	0.0786	0.0498	-1.1122	
201849201423  	0.0664	0.8115	-1.1497	
201849201423  	-0.1044	0.0703	-0.9340	
201849201423  	0.1723	0.2298	-1.0912	
201849201424  	0.2303	0.8194	-1.0321	
201849201424  	0.0342	0.4773	-0.7857	
201849201424  	0.2064	0.1703	-1.0765	
201849201424  	-0.0664	0.5919	-1.0702	
201849201424  	0.0508	0.5671	-1.0697	
201849201424  	-0.0439	-0.2230	-1.1312	
201849201424  	-0.0107	0.1918	-1.1527	
201849201424  	-0.0761	0.6046	-0.9662	
201849201424  	-0.1991	-0.2162	-1.1200	
201849201424  	0.0000	0.4133	-1.0921	
201849201425  	-0.0561	0.3196	-1.0751	
201849201425  	0.0049	-0.2494	-1.1458	
201849201425  	0.0420	0.3343	-1.1439	
201849201425  	-0.1142	0.3699	-0.9331	
201849201425  	-0.0415	0.3963	-1.0307	
201849201425  	-0.0220	-0.0054	-1.1297	
201849201425  	0.1810	0.6124	-1.0716	
201849201425  	-0.0410	0.6071	-0.9218	
201849201425  	-0.0068	0.0449	-1.0282	
201849201425  	-0.1059	0.6154	-1.0058	
201849201426  	-0.0576	0.5002	-0.9648	
201849201426  	-0.1249	-0.1313	-1.0624	
201849201426  	-0.0752	0.3143	-1.0956	
201849201426  	0.0044	0.6120	-1.1258	
201849201426  	-0.1513	-0.1191	-0.9945	
201849201426  	-0.2464	0.0454	-1.0570	
201849201426  	-0.0283	0.7486	-1.1151	
201849201426  	-0.2908	-0.2845	-0.9087	
201849201426  	-0.0664	0.1557	-1.1078	
201849201426  	-0.0122	0.6647	-1.0790	
201849201427  	-0.1420	0.1742	-0.8652	
201849201427  	-0.0200	0.0810	-1.0590	
201849201427  	-0.0903	0.7354	-1.0336	
201849201427  	-0.1508	0.4041	-0.8794	
201849201427  	0.0439	0.2328	-0.9638	
201849201427  	0.0693	0.7320	-1.1639	
201849201427  	-0.0996	0.5695	-0.8369	
201849201427  	0.0610	-0.1230	-1.1370	
201849201427  	-0.1127	0.7198	-0.8511	
201849201427  	0.0293	0.3948	-0.9877	
201849201428  	-0.0005	0.0078	-1.0775	
201849201428  	0.0620	0.5963	-1.2141	
201849201428  	-0.0371	0.3050	-1.0404	
201849201428  	0.0000	-0.0151	-1.0004	
201849201428  	0.0151	0.2445	-1.0960	
201849201428  	-0.0698	0.3982	-1.0394	
201849201428  	0.0195	-0.1230	-0.9906	
201849201428  	0.0166	0.0551	-1.1414	
201849201428  	-0.0268	0.2547	-1.1405	
201849201428  	0.0298	0.1635	-0.9819	
201849201429  	0.0220	0.2572	-1.0917	
201849201429  	-0.0249	0.2391	-1.0277	
201849201429  	-0.0678	0.2377	-1.0555	
201849201429  	-0.0590	0.2186	-1.0658	
201849201429  	-0.0703	0.2401	-1.0331	
201849201429  	-0.0976	0.2630	-1.0443	
201849201429  	-0.0669	0.2445	-1.0951	
201849201429  	-0.0649	0.2494	-1.0316	
201849201429  	-0.0644	0.2567	-1.0243	
201849201429  	-0.0493	0.2264	-1.0336	
201849201430  	-0.0493	0.2181	-1.0365	
201849201430  	-0.1928	0.2235	-1.0292	
201849201430  	-0.3733	0.3143	-0.9697	
201849201430  	-0.5910	0.4187	-0.9453	
201849201430  	-0.4890	0.1615	-0.7613	
201849201430  	-0.8047	0.3260	-0.4641	
201849201430  	-1.0102	0.2157	-0.0444	
201849201430  	-0.6159	0.4290	0.4543	
201849201430  	-0.3089	0.0576	1.1068	
201849201430  	-0.3431	0.0459	0.9091	
201849201431  	0.2386	0.1279	0.9423	
201849201431  	0.3684	0.2006	0.8599	
201849201431  	0.3494	0.1986	0.8745	
201849201431  	0.4016	0.2821	0.7408	
201849201431  	0.6744	0.1747	0.5519	
201849201431  	0.5495	0.1518	0.7369	
201849201431  	0.2904	0.2455	1.0277	
201849201431  	0.5192	0.2938	0.6905	
201849201431  	0.6832	0.1713	0.5222	
201849201431  	0.7979	0.1176	0.5710	
201849201432  	0.8882	0.3304	0.3919	
201849201432  	0.8194	0.1893	0.6359	
201849201432  	0.7549	-0.0517	0.5148	
201849201432  	0.7725	0.0590	0.4738	
201849201432  	1.0136	0.3948	0.5539	
201849201432  	0.5109	0.2733	0.7676	
201849201432  	0.5988	0.1449	0.5026	
201849201432  	0.8525	0.1708	0.6578	
201849201432  	0.7462	0.4675	0.6568	
201849201432  	0.4621	0.1293	0.6163	
201849201433  	0.8491	-0.0410	0.6915	
201849201433  	1.0643	0.3431	0.3318	
201849201433  	0.5280	0.1366	0.6124	
201849201433  	0.5261	0.0224	0.6944	
201849201433  	0.9423	0.3616	0.6515	
201849201433  	0.4773	0.2430	0.7642	
201849201433  	0.5529	0.3045	0.5890	
201849201433  	0.9579	0.3065	0.6295	
201849201433  	0.6349	0.5031	0.5978	
201849201433  	0.4597	-0.0127	0.6149	
201849201434  	0.8281	0.3070	0.6324	
201849201434  	0.6871	0.4451	0.5915	
201849201434  	0.4207	0.0073	0.5510	
201849201434  	0.6344	0.0932	0.8394	
201849201434  	0.7808	0.5505	0.5163	
201849201434  	0.6705	0.0005	0.3328	
201849201434  	0.4602	0.2303	0.5519	
201849201434  	0.7662	0.2611	0.6159	
201849201434  	0.6417	0.3577	0.7666	
201849201434  	0.4241	-0.1269	0.5802	
201849201435  	0.6144	0.2323	0.7486	
201849201435  	0.8262	0.3880	0.6266	
201849201435  	0.4860	-0.0673	0.6344	
201849201435  	0.5388	0.1220	0.7418	
201849201435  	0.7701	0.4387	0.7510	
201849201435  	0.5226	0.0410	0.7081	
201849201435  	0.4538	0.1020	0.7671	
201849201435  	0.8252	0.7632	0.6359	
201849201435  	0.5090	0.3841	0.6847	
201849201435  	0.3728	-0.0586	0.7349	
201849201436  	0.7749	0.5266	0.6568	
201849201436  	0.5046	0.3123	0.9453	
201849201436  	0.4412	0.1235	0.6080	
201849201436  	0.7745	0.1552	0.7989	
201849201436  	0.4324	0.2494	0.8359	
201849201436  	0.4509	0.1981	0.7535	
201849201436  	0.7076	0.1928	0.7618	
201849201436  	0.4797	0.2323	0.8237	
201849201436  	0.5163	0.0922	0.7178	
201849201436  	0.6861	-0.0849	0.8325	
201849201437  	0.3577	0.1674	0.8306	
201849201437  	0.5612	0.2294	0.6188	
201849201437  	0.6002	0.2074	0.9096	
201849201437  	0.4163	0.3558	0.6159	
201849201437  	0.5417	0.0917	0.7032	
201849201437  	0.7227	0.3987	0.7510	
201849201437  	0.3387	0.5124	0.9301	
201849201437  	0.4563	0.0581	0.6773	
201849201437  	0.8701	0.3816	0.5973	
201849201437  	0.3982	0.3260	0.7603	
201849201438  	0.4680	0.1601	0.6393	
201849201438  	0.7647	0.2762	0.6974	
201849201438  	0.4416	0.4514	0.7139	
201849201438  	0.4143	0.2118	0.7330	
201849201438  	0.7052	0.2152	0.7584	
201849201438  	0.4953	0.2991	0.6730	
201849201438  	0.3416	0.5222	0.7715	
201849201438  	0.5114	0.2567	0.7881	
201849201438  	0.6144	0.5812	0.6495	
201849201438  	0.3831	0.4773	0.7554	
201849201439  	0.4353	0.3294	0.7330	
201849201439  	0.5207	0.3392	0.7593	
201849201439  	0.3831	0.4885	0.7344	
201849201439  	0.4553	0.2059	0.6256	
201849201439  	0.6578	0.3479	0.7993	
201849201439  	0.3157	0.6578	0.6798	
201849201439  	0.4031	0.1630	0.6139	
201849201439  	0.5695	0.4680	0.8242	
201849201439  	0.5929	0.6647	0.6364	
201849201439  	0.4153	0.2264	0.5890	
201849201440  	0.5773	0.4290	0.7969	
201849201440  	0.4963	0.6500	0.6427	
201849201440  	0.4299	0.0722	0.6061	
201849201440  	0.6198	0.3953	0.6920	
201849201440  	0.4246	0.6481	0.6954	
201849201440  	0.4187	0.0390	0.5685	
201849201440  	0.8101	0.2279	0.6364	
201849201440  	0.5222	0.5475	0.7227	
201849201440  	0.4304	0.4392	0.6549	
201849201440  	0.4875	0.3030	0.7491	
201849201441  	0.7042	0.3572	0.7091	
201849201441  	0.3470	0.4021	0.5744	
201849201441  	0.5856	0.2821	0.7203	
201849201441  	0.7257	0.5607	0.6944	
201849201441  	0.3572	0.2757	0.6637	
201849201441  	0.5988	-0.0283	0.8174	
201849201441  	0.7984	0.5871	0.6476	
201849201441  	0.3811	0.3714	0.6622	
201849201441  	0.3806	0.1552	0.8433	
201849201441  	0.8403	0.6437	0.6549	
201849201442  	0.3665	0.2015	0.6324	
201849201442  	0.5832	0.1786	0.6978	
201849201442  	0.7496	0.4802	0.5973	
201849201442  	0.5085	0.1220	0.6256	
201849201442  	0.5427	0.2723	0.7627	
201849201442  	0.6046	0.4372	0.6915	
201849201442  	0.4826	0.4426	0.9662	
201849201442  	0.5212	-0.1547	0.7247	
201849201442  	0.6549	0.4036	0.6647	
201849201442  	0.6193	0.3606	0.6871	
201849201443  	0.5788	0.3309	0.7198	
201849201443  	0.5905	0.3206	0.6730	
201849201443  	0.6076	0.3196	0.6324	
201849201443  	0.5754	0.3562	0.7105	
201849201443  	0.5705	0.2806	0.7149	
201849201443  	0.5729	0.3567	0.6617	
201849201443  	0.5944	0.2611	0.7174	
201849201443  	0.6642	0.3880	0.6393	
201849201443  	0.8325	0.3806	0.4607	
201849201443  	0.8745	0.1640	0.0303	
201849201444  	1.0243	0.1430	-0.2064	
201849201444  	0.5968	0.3328	-0.5612	
201849201444  	0.5602	0.1625	-0.6100	
201849201444  	0.7686	0.5051	-0.9682	
201849201444  	0.1610	0.2020	-0.9111	
201849201444  	0.2181	0.3026	-1.1312	
201849201444  	-0.0961	0.2357	-0.9501	
201849201444  	0.1928	0.9843	-0.5734	
201849201444  	0.2821	0.5090	-0.7745	
201849201444  	1.2434	1.3044	-0.7945	
201849201445  	0.1230	0.4236	-1.0121	
201849201445  	0.1654	0.3040	-0.9833	
201849201445  	0.3504	0.4372	-0.9653	
201849201445  	0.3626	0.5495	-0.9877	
201849201445  	0.6334	0.0273	-0.7940	
201849201445  	0.4543	0.3294	-0.8496	
201849201445  	0.2718	0.6925	-1.0277	
201849201445  	0.9130	0.4802	-1.0512	
201849201445  	0.4504	0.2172	-0.8247	
201849201445  	0.3777	0.7691	-0.9316	
201849201446  	0.6324	0.2176	-0.8003	
201849201446  	0.5397	0.2489	-0.8111	
201849201446  	0.4031	0.8223	-0.9282	
201849201446  	0.7227	0.4026	-0.7354	
201849201446  	0.5114	0.2738	-0.6988	
201849201446  	0.1078	0.4280	-1.0092	
201849201446  	0.4782	0.3845	-0.6720	
201849201446  	0.6046	-0.0371	-0.7862	
201849201446  	0.4558	0.7803	-0.9453	
201849201446  	0.4885	0.5919	-0.8130	
201849201447  	0.6832	-0.0244	-0.7144	
201849201447  	0.5251	0.2869	-1.0077	
201849201447  	0.3831	0.6490	-0.9087	
201849201447  	0.6632	0.0981	-0.8413	
201849201447  	0.3782	0.3255	-0.8584	
201849201447  	0.4573	0.6090	-0.8911	
201849201447  	0.6534	-0.0107	-0.7383	
201849201447  	0.3597	0.2747	-0.9082	
201849201447  	0.6983	0.8023	-0.7896	
201849201447  	0.4446	0.0708	-0.7632	
201849201448  	0.3875	0.4626	-0.9248	
201849201448  	0.6861	0.7013	-0.8223	
201849201448  	0.3743	-0.0454	-0.8433	
201849201448  	0.4802	0.7169	-0.9892	
201849201448  	0.9482	0.6446	-0.5056	
201849201448  	0.4309	0.1147	-0.8613	
201849201448  	0.3889	0.5124	-0.9828	
201849201448  	0.6681	0.6134	-0.5958	
201849201448  	0.3792	0.0483	-0.9155	
201849201448  	0.3928	0.4046	-1.0668	
201849201449  	0.7032	0.3797	-0.7359	
201849201449  	0.4470	0.1967	-0.7896	
201849201449  	0.5949	0.8511	-0.9755	
201849201449  	0.5153	0.1649	-0.7784	
201849201449  	0.4182	0.1249	-0.9614	
201849201449  	0.4553	0.4485	-1.1063	
201849201449  	0.4778	0.0834	-0.7218	
201849201449  	0.3982	0.1342	-0.8472	
201849201449  	0.4485	0.3762	-1.0629	
201849201449  	0.5607	0.1523	-0.8067	
201849201450  	0.3719	0.1742	-0.9418	
201849201450  	0.3514	0.5124	-1.1248	
201849201450  	0.5173	0.2913	-0.8086	
201849201450  	0.3182	0.0698	-0.9531	
201849201450  	0.3889	0.5134	-1.0087	
201849201450  	0.5168	0.2455	-0.8769	
201849201450  	0.4607	0.3270	-0.6505	
201849201450  	0.3289	0.3987	-1.0272	
201849201450  	0.4377	0.3518	-0.9287	
201849201450  	-0.2845	-0.2084	-1.0307	
201849201451  	0.4426	0.6188	-1.1707	
201849201451  	0.4192	0.5261	-0.8037	
201849201451  	0.4465	0.1196	-0.9116	
201849201451  	0.3982	0.4246	-0.9321	
201849201451  	0.4577	0.5163	-0.6549	
201849201451  	0.5871	0.1776	-0.8628	
201849201451  	0.4377	0.4636	-1.0126	
201849201451  	0.2562	0.5710	-0.8847	
201849201451  	0.5793	0.0893	-0.8799	
201849201451  	0.3338	0.2523	-1.0350	
201849201452  	0.7691	0.9409	-0.6793	
201849201452  	0.3982	0.0288	-0.8584	
201849201452  	0.3611	0.4153	-0.9038	
201849201452  	0.6310	0.5695	-0.8516	
201849201452  	0.3772	-0.0503	-0.9218	
201849201452  	0.3445	0.5822	-0.9257	
201849201452  	0.8716	0.6852	-0.5222	
201849201452  	0.3006	0.1240	-0.8037	
201849201452  	0.3192	0.5822	-0.9750	
201849201452  	0.4558	0.2855	-0.7954	
201849201453  	0.3636	0.3709	-0.8569	
201849201453  	0.2440	0.5871	-1.0653	
201849201453  	0.3323	0.0044	-0.9848	
201849201453  	0.2318	0.2679	-0.9326	
201849201453  	0.2054	0.4612	-1.0004	
201849201453  	0.2894	0.4412	-0.8989	
201849201453  	0.2874	0.3699	-0.9379	
201849201453  	0.3231	0.3157	-0.9809	
201849201453  	0.3094	0.3802	-0.9492	
201849201453  	0.2928	0.3616	-0.9726	
201849201454  	0.4011	0.4211	-0.9209	
201849201454  	0.2948	0.4046	-0.9550	
201849201454  	0.2591	0.3738	-0.8667	
201849201454  	0.3001	0.4026	-0.9536	
201849201454  	0.2801	0.3616	-0.9623	
201849201454  	0.2733	0.4480	-0.9443	
201849201454  	0.3109	0.3665	-0.9648	
201849201454  	0.1625	0.4119	-0.9326	
201849201454  	0.2103	0.3401	-0.9843	
201849201454  	0.0146	0.3738	-1.1117	
201849201455  	-0.1913	0.2264	-1.0316	
201849201455  	-0.1362	0.2928	-1.0331	
201849201455  	-0.6461	0.1767	-0.9082	
201849201455  	-0.8584	0.2704	-0.4075	
201849201455  	-1.1136	0.2050	-0.0361	
201849201455  	-1.0111	0.1469	0.0488	
201849201455  	-0.9565	0.3436	0.4680	
201849201455  	-0.7183	0.1425	0.8086	
201849201455  	-0.4875	0.3494	0.8403	
201849201455  	-0.5793	0.1659	0.9711	
201849201456  	-0.3460	0.2489	0.7696	
201849201456  	-0.3772	0.2747	0.9209	
201849201456  	-0.4441	0.1103	0.7803	
201849201456  	-0.7984	0.0747	0.8789	
201849201456  	-0.1630	0.3118	0.5319	
201849201456  	-0.5192	0.4016	0.6710	
201849201456  	-0.9340	0.0810	0.8994	
201849201456  	-0.3240	0.3884	0.7896	
201849201456  	-0.3016	0.1044	0.7437	
201849201456  	-0.5705	-0.0156	0.8886	
201849201457  	-0.3518	0.1898	0.6866	
201849201457  	-0.4006	0.3060	0.6861	
201849201457  	-0.6881	0.1615	0.8218	
201849201457  	-0.5666	0.1108	0.8389	
201849201457  	-0.5734	0.3299	0.6568	
201849201457  	-0.4046	0.3567	0.6852	
201849201457  	-0.8613	0.2176	0.7100	
201849201457  	-0.3855	-0.2020	0.7579	
201849201457  	-0.2533	0.2113	0.7671	
201849201457  	-0.5427	0.2206	0.6817	
201849201458  	-0.6295	0.3294	0.8477	
201849201458  	-0.2572	0.1952	0.6730	
201849201458  	-0.8379	0.2786	0.7984	
201849201458  	-0.3621	0.2757	0.8032	
201849201458  	-0.4358	0.2084	0.7564	
201849201458  	-0.8013	0.2435	0.8686	
201849201458  	-0.4719	0.3992	0.7788	
201849201458  	-0.5100	0.3601	0.7720	
201849201458  	-0.2577	0.0132	0.7208	
201849201458  	-0.6934	0.1352	0.9560	
201849201459  	-0.3792	0.3338	0.7237	
201849201459  	-0.2625	0.1859	0.6930	
201849201459  	-0.8067	0.1893	0.8603	
201849201459  	-0.5436	0.2938	0.7647	
201849201459  	-0.1240	0.1708	0.7252	
201849201459  	-0.8823	0.1566	0.8969	
201849201459  	-0.5041	0.2757	0.7408	
201849201459  	-0.4085	0.2025	0.5983	
201849201459  	-0.6759	0.0927	0.7793	
201849201459  	-0.5319	0.2918	0.8584	
20184920150  	-0.6129	0.2606	0.8237	
20184920150  	-0.0908	0.1859	0.6256	
20184920150  	-0.9194	0.2377	0.9272	
20184920150  	-0.4431	0.3309	0.7340	
20184920150  	-0.2264	0.1235	0.7466	
20184920150  	-0.8960	0.2367	0.9306	
20184920150  	-0.4309	-0.0005	0.8696	
20184920150  	-0.2137	0.1586	0.7598	
20184920150  	-0.3938	0.0337	0.8813	
20184920150  	-0.4573	0.1440	0.8272	
20184920151  	-0.4587	0.1376	0.7813	
20184920151  	-0.0732	0.0722	0.7823	
20184920151  	-0.5461	-0.0766	0.8081	
20184920151  	-0.5397	0.1308	0.8696	
20184920151  	-0.3826	-0.0659	0.8384	
20184920151  	-0.2367	0.0996	0.7706	
20184920151  	-0.7247	0.0215	0.8760	
20184920151  	-0.1220	0.1225	0.8452	
20184920151  	-0.7056	0.0293	0.9545	
20184920151  	-0.4929	0.0376	0.8350	
20184920152  	-0.3211	0.1405	0.7935	
20184920152  	-0.3479	0.1825	0.7398	
20184920152  	-0.6715	-0.0132	0.8823	
20184920152  	-0.4089	0.0542	0.8603	
20184920152  	-0.3606	0.0425	0.8311	
20184920152  	-0.2523	0.3372	0.6910	
20184920152  	-0.6012	0.2186	0.7125	
20184920152  	-0.6744	0.1205	0.8237	
20184920152  	-0.1313	0.2479	0.7691	
20184920152  	-0.6573	0.0937	0.8608	
20184920153  	-0.4480	0.1303	0.7086	
20184920153  	-0.4309	0.1547	0.8154	
20184920153  	-0.1962	0.0927	0.8072	
20184920153  	-0.7398	0.2284	0.7998	
20184920153  	-0.3650	-0.0054	0.7481	
20184920153  	-0.1142	0.1196	0.8311	
20184920153  	-0.6168	-0.0361	0.9316	
20184920153  	-0.5714	0.0307	0.8974	
20184920153  	-0.1225	0.2821	0.7857	
20184920153  	-0.6915	0.1420	0.9048	
20184920154  	-0.5578	0.0996	0.8296	
20184920154  	-0.4041	0.0805	0.8535	
20184920154  	-0.4397	0.1108	0.7969	
20184920154  	-0.5617	0.1074	0.8389	
20184920154  	-0.2020	0.1035	0.7276	
20184920154  	-0.5719	0.1596	0.8989	
20184920154  	-0.3870	0.1113	0.6739	
20184920154  	-0.5714	0.1244	0.7974	
20184920154  	-0.3753	0.2494	0.7383	
20184920154  	-0.4207	0.0566	0.8560	
20184920155  	-0.4670	0.0068	0.8359	
20184920155  	-0.5104	0.0434	0.7642	
20184920155  	-0.4382	-0.0010	0.8267	
20184920155  	-0.4953	0.0781	0.8174	
20184920155  	-0.5114	0.1240	0.8203	
20184920155  	-0.5622	0.0571	0.7852	
20184920155  	-0.4421	0.1366	0.7813	
20184920155  	-0.4782	0.0747	0.7627	
20184920155  	-0.4616	0.0766	0.7828	
20184920155  	-0.3806	0.0581	0.8735	
20184920156  	-0.4665	0.0874	0.7891	
20184920156  	-0.4885	0.0844	0.8355	
20184920156  	-0.5075	0.0898	0.8413	
20184920156  	-0.4119	0.1030	0.8052	
20184920156  	-0.4612	0.0903	0.9594	
20184920156  	-0.1000	-0.0454	1.0487	
20184920156  	-0.1200	0.1157	0.8418	
20184920156  	-0.6002	0.0581	0.9501	
20184920156  	-0.2977	0.0454	0.8545	
20184920156  	-0.2079	0.1918	0.7793	
20184920157  	-0.6242	0.0766	0.9130	
20184920157  	-0.3284	0.0278	0.8891	
20184920157  	-0.1649	0.1591	0.8403	
20184920157  	-0.6900	0.0937	0.9018	
20184920157  	-0.5563	0.0927	0.8638	
20184920157  	-0.2313	0.0268	0.7740	
20184920157  	-0.6056	0.0381	0.8686	
20184920157  	-0.2386	0.0688	0.8789	
20184920157  	-0.2176	0.1640	0.7642	
20184920157  	-0.7354	-0.0161	0.8662	
20184920158  	-0.3684	0.1508	0.8428	
20184920158  	-0.3855	-0.0049	0.8481	
20184920158  	-0.7686	0.1752	0.7554	
20184920158  	-0.4543	0.1825	0.8028	
20184920158  	-0.5173	0.1903	0.7266	
20184920158  	-0.2733	0.0688	0.7330	
20184920158  	-0.6881	0.2606	0.8833	
20184920158  	-0.3811	0.0615	0.8408	
20184920158  	-0.7252	0.1498	0.7325	
20184920158  	-0.5695	0.1986	0.7896	
20184920159  	-0.2723	0.2445	0.8603	
20184920159  	-0.4597	0.2113	0.7803	
20184920159  	-0.6339	0.1840	0.6832	
20184920159  	-0.3143	0.1596	0.7549	
20184920159  	-0.5656	0.1332	0.8389	
20184920159  	-0.5832	0.2450	0.6520	
20184920159  	-0.8721	0.2533	0.5431	
20184920159  	-0.8901	0.3006	0.3109	
20184920159  	-0.9062	0.3060	0.1703	
20184920159  	-0.8940	0.3196	-0.3060	
201849201510  	-0.8184	0.4909	-0.4485	
201849201510  	-0.7422	0.3060	-0.5466	
201849201510  	-0.6866	0.4382	-0.6032	
201849201510  	-0.5915	0.3948	-0.8345	
201849201510  	-0.5075	0.4104	-0.7945	
201849201510  	-0.4304	0.4231	-0.8755	
201849201510  	-0.4431	0.3636	-0.8135	
201849201510  	-0.5758	0.3967	-0.8550	
201849201510  	-0.4587	0.6237	-0.7383	
201849201510  	-0.5407	0.4841	-0.8174	
201849201511  	-0.4480	0.3841	-0.9272	
201849201511  	-0.4714	0.3684	-0.8730	
201849201511  	-0.4729	0.4138	-0.8130	
201849201511  	-0.5022	0.4255	-0.8506	
201849201511  	-0.4758	0.4304	-0.8506	
201849201511  	-0.4363	0.3455	-0.8506	
201849201511  	-0.3914	0.4109	-0.8135	
201849201511  	-0.4407	0.4680	-0.9174	
201849201511  	-0.4163	0.4699	-0.9043	
201849201511  	-0.4250	0.4099	-0.8091	
201849201512  	-0.4451	0.3850	-0.8906	
201849201512  	-0.4690	0.4963	-0.8886	
201849201512  	-0.3860	0.4324	-0.9111	
201849201512  	-0.4031	0.4314	-0.8989	
201849201512  	-0.3821	0.4080	-0.8769	
201849201512  	-0.3792	0.3538	-0.9277	
201849201512  	-0.3689	0.3475	-0.9150	
201849201512  	-0.4348	0.3924	-0.8623	
201849201512  	-0.6525	0.3670	-0.6886	
201849201512  	-0.5871	0.3343	-0.6510	
201849201513  	-0.2367	0.2752	-0.7447	
201849201513  	-0.5846	0.3689	-1.1541	
201849201513  	-0.8296	0.2372	-0.7159	
201849201513  	-0.6339	0.2987	-0.8760	
201849201513  	-0.5461	0.3006	-0.9057	
201849201513  	-0.7008	0.2181	-0.7925	
201849201513  	-0.6617	0.3577	-0.5880	
201849201513  	-0.6378	0.3948	-0.8364	
201849201513  	-0.6149	0.0020	-0.8594	
201849201513  	-0.6983	0.1459	-0.8408	
201849201514  	-0.7056	0.4558	-0.7496	
201849201514  	-0.3914	0.4089	-0.8394	
201849201514  	-0.5861	0.1220	-0.8750	
201849201514  	-0.7037	0.3538	-0.6681	
201849201514  	-0.4773	0.4060	-0.8145	
201849201514  	-0.5905	0.0742	-0.8560	
201849201514  	-0.6529	0.2103	-0.7242	
201849201514  	-0.6949	0.3128	-0.9043	
201849201514  	-0.4836	0.1698	-0.8179	
201849201514  	-0.6725	0.1557	-0.8799	
201849201515  	-0.6593	0.5436	-0.7896	
201849201515  	-0.6134	0.1693	-0.7676	
201849201515  	-0.5724	0.0493	-0.8433	
201849201515  	-0.8594	0.2230	-0.8159	
201849201515  	-0.4870	0.2865	-0.9711	
201849201515  	-0.4665	0.1469	-0.8096	
201849201515  	-0.8794	0.0810	-0.8208	
201849201515  	-0.6837	0.0937	-0.8608	
201849201515  	-0.5222	0.0693	-1.0160	
201849201515  	-0.7252	0.1074	-0.7720	
201849201516  	-0.7335	0.2713	-0.8233	
201849201516  	-0.5832	0.2391	-0.9360	
201849201516  	-0.6242	0.1801	-0.6310	
201849201516  	-0.6095	0.2811	-0.9101	
201849201516  	-0.3436	0.4143	-0.7623	
201849201516  	-0.6285	0.1161	-0.7969	
201849201516  	-0.7276	0.3728	-0.7105	
201849201516  	-0.5158	0.4080	-0.8384	
201849201516  	-0.5553	0.2420	-0.7749	
201849201516  	-0.6998	0.2508	-0.8447	
201849201517  	-0.7037	0.4514	-0.7247	
201849201517  	-0.5412	0.2162	-0.9018	
201849201517  	-0.6539	0.2806	-0.7745	
201849201517  	-0.7203	0.3216	-0.8320	
201849201517  	-0.5876	0.2333	-0.7862	
201849201517  	-0.5695	0.2708	-0.7769	
201849201517  	-0.7525	0.4255	-0.7974	
201849201517  	-0.5261	0.3187	-0.8545	
201849201517  	-0.5719	0.1352	-0.8516	
201849201517  	-0.7091	0.4070	-0.8042	
201849201518  	-0.3338	0.4656	-0.7564	
201849201518  	-0.4948	0.1693	-0.9018	
201849201518  	-0.6939	0.1854	-0.7422	
201849201518  	-0.4207	0.5275	-0.7462	
201849201518  	-0.4939	0.2123	-0.8452	
201849201518  	-0.6876	0.2084	-0.8486	
201849201518  	-0.6710	0.3572	-0.8320	
201849201518  	-0.4978	0.1386	-0.8603	
201849201518  	-0.7344	0.2884	-0.8154	
201849201518  	-0.6407	0.3640	-0.8847	
201849201519  	-0.6354	0.0693	-0.8023	
201849201519  	-0.7315	0.1357	-0.8032	
201849201519  	-0.6071	0.3406	-0.8389	
201849201519  	-0.5290	0.1972	-0.8530	
201849201519  	-0.7647	0.1010	-0.7754	
201849201519  	-0.6080	0.3948	-0.8677	
201849201519  	-0.4831	0.1718	-0.8433	
201849201519  	-0.7535	0.2098	-0.7993	
201849201519  	-0.6046	0.3309	-0.8750	
201849201519  	-0.4485	0.2142	-0.9150	
201849201520  	-0.7169	0.2542	-0.8330	
201849201520  	-0.5461	0.4006	-0.8574	
201849201520  	-0.6051	0.2357	-0.8247	
201849201520  	-0.7832	0.1249	-0.8301	
201849201520  	-0.6246	0.3645	-0.8716	
201849201520  	-0.4529	0.1889	-0.9204	
201849201520  	-0.7598	0.2606	-0.7569	
201849201520  	-0.6334	0.1708	-0.9731	
201849201520  	-0.3636	0.2352	-0.9438	
201849201520  	-0.5461	0.2308	-0.8847	
201849201521  	-0.6876	0.2128	-0.9950	
201849201521  	-0.5529	0.1952	-0.8101	
201849201521  	-0.7974	-0.1054	-0.9145	
201849201521  	-0.6998	0.2474	-0.9057	
201849201521  	-0.5495	0.0703	-0.8706	
201849201521  	-0.7076	0.0229	-0.7691	
201849201521  	-0.7564	0.3841	-0.7584	
201849201521  	-0.4255	0.3167	-0.8477	
201849201521  	-0.8442	-0.1464	-0.8428	
201849201521  	-0.6944	0.2957	-0.7896	
201849201522  	-0.4089	0.2440	-0.7984	
201849201522  	-0.6642	0.1728	-0.6934	
201849201522  	-0.7950	0.1893	-0.8413	
201849201522  	-0.6232	0.1747	-0.7881	
201849201522  	-0.7510	0.1171	-0.8164	
201849201522  	-0.5905	0.4065	-0.8823	
201849201522  	-0.6076	0.1444	-0.8111	
201849201522  	-0.5968	0.2650	-0.8862	
201849201522  	-0.5519	0.2001	-0.8433	
201849201522  	-0.6134	0.2294	-0.8877	
201849201523  	-0.6427	0.1420	-0.8042	
201849201523  	-0.5075	0.2269	-0.8569	
201849201523  	-0.6700	0.1015	-0.8682	
201849201523  	-0.5812	0.1732	-0.8433	
201849201523  	-0.6461	0.1537	-0.9121	
201849201523  	-0.6373	0.1142	-0.8847	
201849201523  	-0.6686	0.0981	-0.8311	
201849201523  	-0.7144	0.1654	-0.7603	
201849201523  	-0.8154	0.1098	-0.4651	
201849201523  	-0.9628	0.2460	-0.4504	
201849201524  	-0.9706	0.2079	-0.1566	
201849201524  	-0.8642	0.0883	0.0146	
201849201524  	-0.9077	0.0976	0.3484	
201849201524  	-0.9272	-0.0468	0.5617	
201849201524  	-0.8135	0.0669	0.7198	
201849201524  	-0.3621	0.1220	0.7686	
201849201524  	0.0278	0.3065	0.8032	
201849201524  	0.0805	0.2782	0.7144	
201849201524  	0.0244	0.2865	0.7832	
201849201524  	-0.0259	0.4094	1.0424	
201849201525  	0.1420	0.5124	0.8150	
201849201525  	0.1274	0.4207	0.8779	
201849201525  	0.2235	0.3440	0.8267	
201849201525  	0.3050	-0.0693	0.8950	
201849201525  	0.1679	0.5754	0.8242	
201849201525  	0.2977	0.3192	0.7315	
201849201525  	0.2133	0.1830	0.7867	
201849201525  	0.2835	0.6076	0.7979	
201849201525  	0.2216	0.2977	0.6998	
201849201525  	0.0659	-0.0815	0.9267	
201849201526  	0.0029	0.8150	0.6949	
201849201526  	0.0644	0.0576	0.9355	
201849201526  	-0.0971	0.7169	0.8462	
201849201526  	0.1942	0.2201	0.8877	
201849201526  	0.0137	0.1186	0.8257	
201849201526  	-0.0976	0.6066	0.8062	
201849201526  	-0.0039	-0.1464	1.1102	
201849201526  	-0.0356	1.0209	0.7300	
201849201526  	-0.0468	0.1366	0.9745	
201849201526  	-0.1747	0.5988	0.9931	
201849201527  	0.0405	0.6934	0.5651	
201849201527  	-0.2318	0.0566	1.0502	
201849201527  	-0.0556	0.6188	0.8111	
201849201527  	0.0342	0.0610	0.9282	
201849201527  	-0.0249	0.5514	0.7871	
201849201527  	-0.0625	0.4241	0.8613	
201849201527  	0.1122	-0.1659	0.9306	
201849201527  	0.1679	0.6725	0.9223	
201849201527  	0.2464	-0.2435	0.9887	
201849201527  	0.0224	0.8906	0.7940	
201849201528  	0.1615	0.1181	0.8901	
201849201528  	0.1010	0.1703	0.8667	
201849201528  	0.2079	0.7959	0.7369	
201849201528  	0.0737	-0.0532	0.9892	
201849201528  	0.2567	0.7501	0.8120	
201849201528  	0.2738	-0.0561	0.7237	
201849201528  	0.2806	0.1230	0.8662	
201849201528  	0.1913	0.7144	0.6827	
201849201528  	0.0566	0.0137	1.0043	
201849201528  	0.4763	0.5441	0.7525	
201849201529  	0.2508	0.2908	0.7208	
201849201529  	-0.0054	-0.2640	0.9760	
201849201529  	0.2767	0.8008	0.7222	
201849201529  	0.0620	-0.0869	0.9833	
201849201529  	0.1435	0.4216	0.9145	
201849201529  	0.0854	0.0581	0.8511	
201849201529  	-0.0234	0.1923	0.8364	
201849201529  	-0.0605	0.4324	0.8603	
201849201529  	-0.1249	-0.0566	1.0180	
201849201529  	-0.0420	0.5427	0.8828	
201849201530  	-0.0688	0.0137	0.7754	
201849201530  	-0.1767	0.5114	1.0326	
201849201530  	0.0361	0.2782	0.8545	
201849201530  	0.0015	-0.3504	1.1385	
201849201530  	0.1508	0.3260	1.0126	
201849201530  	0.0688	-0.1249	0.9477	
201849201530  	0.2054	0.1113	0.6969	
201849201530  	0.0459	0.3148	1.0609	
201849201530  	-0.0229	-0.3416	1.0106	
201849201530  	0.0551	0.2196	0.8711	
201849201531  	0.0673	0.3475	0.9282	
201849201531  	0.0410	-0.0093	0.9531	
201849201531  	0.2904	0.4426	0.9448	
201849201531  	0.1157	-0.0761	1.0565	
201849201531  	0.3977	0.2050	0.7920	
201849201531  	0.0669	0.3601	0.9672	
201849201531  	0.1601	0.3148	0.8140	
201849201531  	0.0332	0.2216	0.8633	
201849201531  	0.0590	0.6061	0.7935	
201849201531  	0.0781	-0.0673	1.0116	
201849201532  	0.2503	0.9457	0.6969	
201849201532  	0.0405	0.1708	1.0882	
201849201532  	0.1503	0.1815	0.7945	
201849201532  	0.1249	0.4412	0.8340	
201849201532  	-0.1430	-0.0937	0.8843	
201849201532  	0.1815	0.4392	1.0770	
201849201532  	-0.1108	0.0703	1.0614	
201849201532  	-0.1332	0.5412	0.8721	
201849201532  	0.1015	0.4255	0.8672	
201849201532  	-0.2874	-0.0947	0.9716	
201849201533  	0.2611	0.5539	0.9189	
201849201533  	-0.0073	-0.1840	0.8208	
201849201533  	-0.1205	0.3055	0.9965	
201849201533  	-0.0415	0.3811	0.8379	
201849201533  	0.0073	-0.4236	0.7784	
201849201533  	0.2762	0.6232	1.0751	
201849201533  	-0.1118	-0.1210	0.9902	
201849201533  	0.0854	0.3221	0.9150	
201849201533  	-0.0571	-0.0034	0.8072	
201849201533  	-0.1976	0.5514	0.9257	
201849201534  	0.0913	-0.1030	0.8267	
201849201534  	-0.0376	0.3250	1.0307	
201849201534  	0.2420	-0.1103	0.9570	
201849201534  	-0.0449	0.2572	0.9062	
201849201534  	0.1337	0.1889	0.8969	
201849201534  	0.1259	0.2230	0.9355	
201849201534  	0.1342	0.2015	0.8969	
201849201534  	0.0942	0.2133	0.9248	
201849201534  	0.1513	0.1581	0.9111	
201849201534  	0.1454	0.1928	0.9448	
201849201535  	0.1254	0.1742	0.8906	
201849201535  	0.0737	0.2074	0.9248	
201849201535  	0.1737	0.2338	0.9028	
201849201535  	0.0883	0.2011	0.9345	
201849201535  	0.0073	0.1771	0.9618	
201849201535  	0.1469	0.1996	0.8960	
201849201535  	0.1039	0.1269	0.9311	
201849201535  	0.1986	0.2664	0.9287	
201849201535  	-0.0454	0.2396	0.9721	
201849201535  	0.1342	0.2357	0.9223	
201849201536  	0.1244	0.1747	0.8989	
201849201536  	0.1713	0.1859	0.8457	
201849201536  	0.0444	0.1527	0.9326	
201849201536  	0.2084	0.1371	0.8994	
201849201536  	0.0503	0.1752	0.9350	
201849201536  	0.0991	0.0864	0.8896	
201849201536  	0.1191	0.2123	0.9126	
201849201536  	-0.1137	0.0630	1.0194	
201849201536  	0.2206	0.1947	0.8755	
201849201536  	-0.0034	0.1566	0.9594	
201849201537  	0.0351	0.0127	0.9462	
201849201537  	0.0322	0.2064	0.9233	
201849201537  	0.0039	0.1293	0.8574	
201849201537  	0.0488	0.2713	0.9775	
201849201537  	-0.0512	0.2294	0.9599	
201849201537  	0.0874	0.1889	0.9409	
201849201537  	0.0224	0.2567	0.9301	
201849201537  	-0.0844	0.2377	0.9902	
201849201537  	0.0010	0.2806	0.8857	
201849201537  	-0.1459	0.2367	0.9301	
201849201538  	-0.0849	0.1776	0.8628	
201849201538  	-0.1318	0.1986	0.9370	
201849201538  	-0.1518	0.1518	0.9057	
201849201538  	-0.0747	0.2191	0.9077	
201849201538  	-0.1215	0.1576	1.0560	
201849201538  	-0.1405	0.3274	0.8682	
201849201538  	-0.0386	0.1820	0.7642	
201849201538  	0.0166	0.1327	0.8896	
201849201538  	-0.0761	0.1659	0.8950	
201849201538  	-0.1874	0.1118	1.0565	
201849201539  	0.1322	0.0771	0.8345	
201849201539  	0.1601	-0.0756	0.9828	
201849201539  	-0.0288	-0.0137	0.9204	
201849201539  	-0.1118	-0.0966	1.0024	
201849201539  	0.0761	-0.1425	0.7871	
201849201539  	-0.0415	0.1405	0.9570	
201849201539  	0.1005	0.0878	0.9013	
201849201539  	0.0356	0.1083	1.1810	
201849201539  	0.2352	0.0508	0.9365	
201849201539  	0.0908	0.1786	0.8740	
201849201540  	-0.0371	-0.0063	1.0111	
201849201540  	0.0908	-0.0493	0.9311	
201849201540  	-0.0586	0.0122	0.9604	
201849201540  	0.0117	0.1103	0.8916	
201849201540  	0.1864	0.2425	0.8447	
201849201540  	-0.4538	0.3572	0.5524	
201849201540  	-0.6661	0.4236	0.5510	
201849201540  	-0.8569	0.3860	0.4904	
201849201540  	-1.1732	0.3128	-0.3192	
201849201540  	-0.7047	0.2601	-0.6198	
201849201541  	-0.5485	0.2245	-0.8633	
201849201541  	-0.3587	0.2450	-0.9028	
201849201541  	-0.3826	0.1240	-0.9423	
201849201541  	-0.3582	0.1732	-1.1029	
201849201541  	0.3157	0.0908	-0.9575	
201849201541  	-0.2274	0.1020	-0.9184	
201849201541  	-0.2103	0.0898	-1.0634	
201849201541  	-0.1425	-0.0454	-1.0838	
201849201541  	0.1654	0.3045	-1.1107	
201849201541  	0.0254	0.0698	-0.9057	
201849201542  	-0.1386	0.2020	-1.0907	
201849201542  	-0.1835	0.1415	-1.1922	
201849201542  	-0.2533	0.0639	-0.8984	
201849201542  	-0.1054	0.0561	-1.1004	
201849201542  	-0.1410	-0.0508	-1.0243	
201849201542  	-0.1327	0.1669	-0.9882	
201849201542  	-0.1620	-0.1484	-1.0638	
201849201542  	-0.0605	-0.2157	-1.0394	
201849201542  	0.0644	0.4641	-1.1629	
201849201542  	0.0922	-0.0561	-1.1893	
201849201543  	-0.1298	-0.0830	-1.0131	
201849201543  	0.0137	0.4939	-1.1756	
201849201543  	0.0166	-0.1459	-1.0824	
201849201543  	0.1835	-0.0732	-1.1239	
201849201543  	0.0503	0.2582	-1.0175	
201849201543  	0.1527	-0.2572	-1.1000	
201849201543  	-0.0156	-0.1283	-1.1722	
201849201543  	-0.0903	0.2743	-1.0741	
201849201543  	0.0268	-0.6456	-0.9999	
201849201543  	-0.1474	0.3958	-1.0199	
201849201544  	-0.0122	-0.0669	-0.8540	
201849201544  	-0.2035	-0.3387	-1.0629	
201849201544  	-0.2640	0.4177	-0.9867	
201849201544  	-0.3104	-0.3372	-1.0453	
201849201544  	-0.3304	0.1381	-1.0878	
201849201544  	-0.3216	0.2611	-0.9443	
201849201544  	-0.3582	-0.2245	-1.0580	
201849201544  	-0.2826	0.2567	-1.0619	
201849201544  	-0.3138	-0.0161	-0.9560	
201849201544  	-0.1532	-0.0512	-1.0570	
201849201545  	-0.0917	0.3714	-1.0765	
201849201545  	-0.1269	-0.4236	-0.9033	
201849201545  	0.0893	-0.0171	-1.2307	
201849201545  	-0.0322	-0.0010	-1.2083	
201849201545  	-0.0693	-0.3518	-0.9736	
201849201545  	0.0107	0.3494	-1.0770	
201849201545  	0.1054	-0.0756	-1.0507	
201849201545  	0.1488	-0.2367	-1.1688	
201849201545  	0.0244	0.2503	-1.0643	
201849201545  	0.2084	-0.3743	-1.2122	
201849201546  	0.0756	0.1137	-1.1951	
201849201546  	0.0259	0.1723	-0.9667	
201849201546  	0.0683	-0.2943	-1.0189	
201849201546  	0.1850	0.2655	-1.1624	
201849201546  	0.0781	0.0000	-1.0985	
201849201546  	-0.0483	-0.1937	-0.9931	
201849201546  	-0.0146	0.0688	-1.0931	
201849201546  	-0.1732	0.0395	-1.0253	
201849201546  	-0.0102	-0.4451	-1.1517	
201849201546  	0.0068	0.1152	-1.0346	
201849201547  	-0.1474	-0.3113	-1.0502	
201849201547  	-0.1757	-0.3743	-1.0468	
201849201547  	-0.1932	0.0937	-1.0985	
201849201547  	-0.1244	-0.4280	-0.9184	
201849201547  	-0.1659	-0.1166	-1.1492	
201849201547  	-0.2386	0.1113	-1.0970	
201849201547  	-0.4031	-0.6344	-0.9858	
201849201547  	-0.1791	-0.1557	-1.1785	
201849201547  	-0.3494	0.1620	-1.0634	
201849201547  	-0.2733	-0.5470	-0.8355	
201849201548  	-0.1767	-0.1620	-1.0897	
201849201548  	-0.2577	0.2128	-1.0770	
201849201548  	-0.1074	-0.6676	-1.1414	
201849201548  	0.0298	0.1435	-1.0882	
201849201548  	-0.0156	0.0864	-0.9926	
201849201548  	0.1093	-0.5402	-1.0799	
201849201548  	0.0708	0.2094	-0.9072	
201849201548  	0.1210	0.1293	-1.1029	
201849201548  	0.0547	-0.3865	-1.0780	
201849201548  	0.2245	0.2347	-1.1741	
201849201549  	0.0595	-0.3855	-1.0072	
201849201549  	0.1254	-0.0508	-1.1248	
201849201549  	0.1303	0.2611	-1.1053	
201849201549  	0.1410	-0.3919	-1.0736	
201849201549  	0.1693	0.0434	-1.1146	
201849201549  	-0.0171	0.0190	-1.0878	
201849201549  	-0.0073	-0.3011	-1.0580	
201849201549  	-0.0049	0.1283	-1.1556	
201849201549  	-0.1396	-0.0542	-1.1063	
201849201549  	-0.2235	-0.3611	-0.9384	
201849201550  	-0.1274	0.1742	-1.0868	
201849201550  	-0.2137	-0.3055	-0.9433	
201849201550  	-0.2328	-0.2074	-1.1024	
201849201550  	-0.1903	0.0649	-1.0404	
201849201550  	-0.1484	0.0351	-1.0638	
201849201550  	-0.1669	0.0737	-1.0311	
201849201550  	-0.0586	0.1469	-1.0189	
201849201550  	0.0551	0.2430	-1.0204	
201849201550  	0.0586	0.3074	-1.0492	
201849201550  	0.0459	0.4094	-1.0931	
201849201551  	0.0381	0.4182	-0.9804	
201849201551  	0.0566	0.4875	-0.9618	
201849201551  	0.1142	0.6100	-0.8872	
201849201551  	0.1249	0.5461	-0.9867	
201849201551  	0.0161	0.4792	-0.9223	
201849201551  	-0.0547	1.0624	-0.7637	
201849201551  	0.0229	0.5168	-0.8745	
201849201551  	-0.0791	0.1723	-0.9233	
201849201551  	-0.0185	1.2488	-0.8403	
201849201551  	-0.0386	0.4446	-0.8682	
201849201552  	-0.0117	0.2450	-0.8984	
201849201552  	-0.1005	1.1219	-0.8784	
201849201552  	-0.0059	0.5534	-0.8535	
201849201552  	0.0327	0.1313	-0.8750	
201849201552  	-0.1308	1.2629	-0.8389	
201849201552  	-0.1005	0.3909	-0.9121	
201849201552  	-0.1137	0.1357	-0.8979	
201849201552  	-0.1020	0.6608	-0.9287	
201849201552  	-0.0073	0.4641	-0.8252	
201849201552  	-0.0093	0.1596	-0.9062	
201849201553  	-0.2001	0.6559	-0.9462	
201849201553  	0.0176	0.3348	-0.8916	
201849201553  	-0.0698	0.2108	-0.8491	
201849201553  	-0.1049	1.1107	-1.0248	
201849201553  	-0.0307	0.3187	-0.8569	
201849201553  	-0.0195	0.1430	-0.9579	
201849201553  	-0.0883	0.9043	-1.0521	
201849201553  	-0.1337	0.4846	-0.8779	
201849201553  	-0.0522	0.1806	-0.9882	
201849201553  	-0.1718	0.9316	-0.9526	
201849201554  	0.0503	0.2840	-0.8296	
201849201554  	0.0093	0.6281	-0.7818	
201849201554  	0.0517	0.5129	-1.0970	
201849201554  	0.0132	0.4724	-0.9482	
201849201554  	-0.0693	0.5534	-0.9560	
201849201554  	0.0527	0.4934	-0.9516	
201849201554  	0.0000	-0.0688	-0.9765	
201849201554  	-0.2030	0.7788	-1.1312	
201849201554  	-0.0137	0.2367	-0.9687	
201849201554  	-0.1859	-0.2108	-1.0814	
201849201555  	0.0317	0.4089	-1.1058	
201849201555  	-0.1566	0.3733	-0.9687	
201849201555  	-0.1840	0.4319	-1.0204	
201849201555  	-0.0869	0.3738	-1.0004	
201849201555  	-0.0654	0.4114	-0.9994	
201849201555  	-0.1274	0.2894	-1.0121	
201849201555  	-0.1054	0.2284	-1.0673	
201849201555  	-0.0644	0.2606	-1.0311	
201849201555  	-0.0029	0.3304	-0.9926	
201849201555  	0.1225	0.3089	-1.0160	
201849201556  	0.0625	0.2279	-0.8320	
201849201556  	-0.0176	0.4992	-0.8706	
201849201556  	0.1274	0.6246	-1.1692	
201849201556  	0.0512	0.3450	-0.1576	
201849201556  	0.1493	0.7305	-0.8857	
201849201556  	0.0337	0.6803	-0.8194	
201849201556  	0.1098	0.6525	-0.7993	
201849201556  	0.0839	0.7198	-0.7964	
201849201556  	-0.0581	0.6603	-0.7706	
201849201556  	0.1054	0.7735	-0.8799	
201849201557  	0.0312	0.7222	-0.7203	
201849201557  	-0.0239	0.7271	-0.6134	
201849201557  	0.0830	0.7764	-0.8330	
201849201557  	-0.1127	0.7496	-0.6876	
201849201557  	0.0303	0.8174	-0.6364	
201849201557  	0.1157	0.7549	-0.6617	
201849201557  	0.0146	0.6934	-0.6568	
201849201557  	0.0098	0.8584	-0.8028	
201849201557  	0.2577	0.6285	-0.9077	
201849201557  	0.1313	0.5124	-0.7520	
201849201558  	0.0854	0.4597	-0.8974	
201849201558  	0.1293	0.6647	-0.7213	
201849201558  	0.1410	0.6871	-0.7310	
201849201558  	0.0234	0.7730	-0.6974	
201849201558  	0.1972	0.8291	-0.9340	
201849201558  	0.0551	0.7793	-0.5993	
201849201558  	-0.0288	0.7335	-0.5714	
201849201558  	-0.1000	0.8072	-0.6324	
201849201558  	0.0781	0.8784	-0.5300	
201849201558  	0.0322	0.8032	-0.7174	
201849201559  	0.0454	0.8613	-0.3924	
201849201559  	-0.0444	0.9038	-0.8311	
201849201559  	-0.0273	0.8755	-0.4802	
201849201559  	-0.1215	0.8267	-0.5934	
