20184920120  	71.9800	34.6480	-30.6220	
20184920120  	175.3750	55.0220	-36.9660	
20184920120  	105.1640	43.1270	-35.1360	
20184920120  	15.6770	19.8250	-10.1870	
20184920120  	9.4550	13.8470	-0.7320	
20184920120  	-9.0890	-11.7120	6.5270	
20184920121  	-18.8490	8.6620	13.1150	
20184920121  	-14.0300	-36.5390	-60.9390	
20184920121  	-38.5520	-90.8290	-91.1950	
20184920121  	-7.8690	-34.5870	-156.8920	
20184920121  	14.5790	-49.3490	38.2470	
20184920121  	62.6470	-44.4690	26.4130	
20184920121  	-40.0770	-15.0670	63.2570	
20184920121  	-25.2540	129.8080	-19.7030	
20184920121  	-18.9710	73.0780	-38.7960	
20184920121  	31.1100	-53.1310	61.0000	
20184920122  	-9.2110	-22.1430	-2.3180	
20184920122  	-13.8470	-23.1800	18.6660	
20184920122  	-25.0100	-5.9170	11.2240	
20184920122  	-11.8340	-13.3590	5.3070	
20184920122  	-12.5660	-6.4050	-2.8670	
20184920122  	-10.3700	-21.8380	1.8300	
20184920122  	4.5750	-6.0390	4.0260	
20184920122  	-3.2940	-4.3310	3.2330	
20184920122  	-24.7660	7.6860	-26.1080	
20184920122  	10.4920	-12.3830	0.9760	
20184920123  	0.4270	0.2440	-0.7320	
20184920123  	12.0170	-24.0950	3.0500	
20184920123  	22.0820	-43.2490	15.5550	
20184920123  	39.9550	-26.1690	-48.3120	
20184920123  	46.4210	-14.7620	-77.9580	
20184920123  	72.1020	2.9280	-44.1640	
20184920123  	160.6130	33.1840	-101.1990	
20184920123  	18.6050	-93.0250	10.4920	
20184920123  	-9.8210	-45.7500	41.7850	
20184920123  	15.5550	5.4290	16.8360	
20184920124  	-101.1380	-81.8010	51.1180	
20184920124  	24.9490	-29.8900	-50.5080	
20184920124  	0.8540	5.9780	44.5300	
20184920124  	68.4420	23.5460	-24.2170	
20184920124  	54.1680	31.8420	-0.9150	
20184920124  	1.8910	31.4760	10.7360	
20184920124  	32.3300	13.1150	-65.9410	
20184920124  	-12.5660	-16.4090	-42.4560	
20184920124  	13.4810	-19.5810	-38.1860	
20184920124  	10.9800	-16.7140	-30.3170	
20184920125  	9.6380	-3.7210	-19.7640	
20184920125  	-8.2350	-7.9300	-14.3350	
20184920125  	-22.3870	-9.0280	-11.9560	
20184920125  	-25.4980	-4.6360	-34.1600	
20184920125  	-59.4750	17.5070	16.5310	
20184920125  	-19.5810	-11.3460	7.6250	
20184920125  	-16.2870	13.0540	10.0650	
20184920125  	18.8490	-35.8070	-7.5640	
20184920125  	20.0690	4.7580	-46.7870	
20184920125  	-12.3830	46.1160	-9.4550	
20184920126  	-3.1720	19.1540	-15.7990	
20184920126  	-35.4410	5.6730	46.8480	
20184920126  	9.6380	-25.9250	24.8270	
20184920126  	23.3020	-27.2060	-24.0950	
20184920126  	3.6600	35.4410	-20.0690	
20184920126  	-12.8100	55.8150	-7.0760	
20184920126  	-24.2170	-32.4520	57.1570	
20184920126  	8.8450	-21.5330	11.8340	
20184920126  	13.5420	-2.7450	-53.0700	
20184920126  	-1.7690	16.8360	-22.8750	
20184920127  	-7.2590	0.0000	-6.1610	
20184920127  	-3.5380	-40.1380	45.8720	
20184920127  	20.4350	-19.7030	-8.5400	
20184920127  	5.3070	26.7180	-26.5350	
20184920127  	-7.0150	9.5770	-11.6510	
20184920127  	-39.1010	-10.9800	58.5600	
20184920127  	-13.0540	-17.6900	-5.0020	
20184920127  	-1.7080	50.5080	-38.1860	
20184920127  	17.4460	-20.2520	-39.9550	
20184920127  	-28.9140	-10.6750	18.2390	
20184920128  	-9.6380	-18.9710	21.5940	
20184920128  	-4.8190	17.8120	-24.6440	
20184920128  	9.1500	7.1980	-9.0890	
20184920128  	-16.1650	-1.7690	0.6100	
20184920128  	-2.8670	-30.1950	49.3490	
20184920128  	0.4270	-2.1960	-17.1410	
20184920128  	0.8540	5.5510	-10.1260	
20184920128  	4.9410	-15.3110	-19.1540	
20184920128  	-22.7530	-25.5590	49.2270	
20184920128  	-15.8600	-1.0980	5.7950	
20184920129  	-6.5270	40.1990	-26.1080	
20184920129  	15.6160	-11.1020	-24.9490	
20184920129  	1.4030	-31.4760	-4.9410	
20184920129  	-0.5490	-30.3780	31.3540	
20184920129  	-12.8100	25.6200	-20.4350	
20184920129  	-4.1480	13.8470	-14.7620	
20184920129  	-6.1610	-3.6600	2.5010	
20184920129  	-16.5920	-17.0800	42.7000	
20184920129  	-14.8840	14.5790	-0.5490	
20184920129  	12.1390	2.9890	-22.2040	
201849201210  	12.0780	-29.2190	-20.6790	
201849201210  	9.8820	-27.0840	27.8770	
201849201210  	25.4370	-4.0870	-8.4180	
201849201210  	40.3210	-8.1740	-25.8640	
201849201210  	-16.2870	30.1340	52.9480	
201849201210  	-32.4520	27.2670	-2.1350	
201849201210  	3.7210	-14.8230	-34.5260	
201849201210  	-0.7320	-3.8430	-30.5610	
201849201210  	-26.2300	4.8800	49.4100	
201849201210  	-34.6480	22.2040	11.8950	
201849201211  	-20.8010	23.0580	11.3460	
201849201211  	4.2700	-11.5290	-29.0970	
201849201211  	25.9250	-28.6700	-34.7090	
201849201211  	-21.3500	-5.3680	20.4960	
201849201211  	-28.6700	13.1760	23.4240	
201849201211  	13.2370	-13.7860	-27.9380	
201849201211  	19.8250	-14.5790	-33.1230	
201849201211  	-44.7130	-8.1130	61.9150	
201849201211  	-5.2460	4.9410	-4.5750	
201849201211  	26.2910	-12.6270	-23.2410	
201849201212  	20.1300	-14.0300	-32.0860	
201849201212  	-17.0800	0.6100	38.7960	
201849201212  	-18.0560	-1.8300	-3.4770	
201849201212  	-6.2830	2.6230	-34.4650	
201849201212  	-31.2930	-17.7510	-3.5380	
201849201212  	-32.7570	-15.3110	28.7310	
201849201212  	-11.0410	15.4330	-20.9840	
201849201212  	20.6790	-21.2890	-29.5850	
201849201212  	-20.0080	-12.8100	24.2780	
201849201212  	-12.8100	3.3550	9.7600	
201849201213  	34.0380	15.3110	-65.7580	
201849201213  	9.5160	-22.8140	-15.1890	
201849201213  	-19.2760	1.8300	53.0700	
201849201213  	-6.6490	18.7270	-9.5770	
201849201213  	14.8230	-6.6490	-35.7460	
201849201213  	1.5250	-12.5050	-2.6840	
201849201213  	-14.0910	-9.6990	21.5330	
201849201213  	-11.8340	8.6620	-9.1500	
201849201213  	8.3570	-14.8230	-8.6620	
201849201213  	7.4420	-30.8660	10.6750	
201849201214  	4.0870	-10.1260	4.0870	
201849201214  	-12.3830	43.6150	-21.8380	
201849201214  	28.3040	-27.0230	-29.5240	
201849201214  	3.6600	-18.3610	13.7860	
201849201214  	0.1220	3.9650	4.6970	
201849201214  	18.8490	-5.0020	-15.0060	
201849201214  	-11.8340	7.4420	16.7750	
201849201214  	-12.6270	-1.2810	13.6640	
201849201214  	4.2090	17.8120	-25.6200	
201849201214  	0.0000	2.9890	-15.4940	
201849201215  	-9.8210	-14.6400	51.6060	
201849201215  	-16.7750	-1.0980	6.9540	
201849201215  	28.3650	4.3310	-58.0720	
201849201215  	-18.1170	-28.1820	64.9650	
201849201215  	-12.8710	-16.5310	8.6620	
201849201215  	11.7120	-20.3740	-12.3830	
201849201215  	9.9430	-16.5920	-11.2850	
201849201215  	-10.9190	4.5750	30.3780	
201849201215  	5.9780	5.3070	4.3310	
201849201215  	7.8690	26.8400	-35.1970	
201849201216  	15.7990	-8.2350	-18.1780	
201849201216  	-18.4220	-12.8710	24.7050	
201849201216  	-20.7400	15.6770	6.5880	
201849201216  	25.6200	22.9360	-63.0740	
201849201216  	21.2280	-28.4260	-46.1770	
201849201216  	-23.3020	-21.6550	60.8780	
201849201216  	-15.7990	11.2850	-7.5030	
201849201216  	9.3940	13.4200	-22.3870	
201849201216  	4.2090	-21.9600	-18.6660	
201849201216  	-16.7750	-23.9120	42.1510	
201849201217  	-11.7730	34.7090	15.2500	
201849201217  	8.4790	-0.7320	-20.8620	
201849201217  	-11.2240	-14.5790	-6.2830	
201849201217  	-21.2280	-16.2870	37.5760	
201849201217  	-11.5900	3.4770	-9.8210	
201849201217  	18.5440	-30.0730	-43.9810	
201849201217  	-22.0210	-10.3700	26.3520	
201849201217  	-13.8470	6.2830	12.6270	
201849201217  	-6.1610	29.2800	-12.9930	
201849201217  	23.7290	-13.1150	-41.9680	
201849201218  	-18.6660	-16.1650	31.9640	
201849201218  	-16.7140	16.5920	-2.1350	
201849201218  	24.5220	-15.1280	-28.3040	
201849201218  	15.7380	-26.5960	-15.5550	
201849201218  	23.1190	-17.2630	16.2260	
201849201218  	5.9780	5.5510	-26.9010	
201849201218  	2.8670	-16.4700	-6.4050	
201849201218  	-11.5900	-5.4290	7.7470	
201849201218  	-2.9890	13.7860	-6.6490	
201849201218  	-14.1520	44.4690	-3.9650	
201849201219  	-7.7470	-15.1890	21.8990	
201849201219  	-10.2480	-2.8060	-4.8800	
201849201219  	20.8010	-19.5200	-28.4870	
201849201219  	-10.7970	-6.9540	23.3630	
201849201219  	-6.3440	-11.1630	-0.1830	
201849201219  	10.6140	12.8100	-33.0620	
201849201219  	9.2720	-14.2740	-3.0500	
201849201219  	-13.5420	1.8910	20.7400	
201849201219  	-26.3520	45.3230	-9.7600	
201849201219  	8.3570	-22.6310	-38.8570	
201849201220  	-7.3810	-31.0490	29.8290	
201849201220  	-22.8140	27.3280	-1.2810	
201849201220  	14.3960	-3.6600	-40.1990	
201849201220  	-7.5640	-25.2540	20.9840	
201849201220  	-7.0760	-9.6990	7.6860	
201849201220  	-2.1960	32.3300	-22.5700	
201849201220  	9.7600	-23.5460	-22.2040	
201849201220  	-9.8820	2.8670	20.5570	
201849201220  	-13.7860	57.8890	7.9910	
201849201220  	-0.4880	12.5660	-16.1040	
201849201221  	-32.0860	48.8000	8.9670	
201849201221  	-13.5420	42.3950	4.7580	
201849201221  	8.6620	3.9650	-3.7210	
201849201221  	3.7820	6.8320	0.1220	
201849201221  	-1.9520	2.1350	0.0000	
201849201221  	-1.0370	-2.1350	-3.4160	
201849201221  	0.1220	-3.9040	-3.5990	
201849201221  	-4.5750	-3.8430	-3.2940	
201849201221  	-1.8910	-5.0630	-3.2940	
201849201221  	-0.0610	-6.0390	-3.6600	
201849201222  	0.7320	-4.8800	-5.0020	
201849201222  	-3.0500	-3.8430	-3.2330	
201849201222  	-3.2940	-4.6360	-1.6470	
201849201222  	-2.2570	-1.8300	-4.0260	
201849201222  	-3.2940	-3.3550	-1.4640	
201849201222  	-4.3920	3.9650	-2.5010	
201849201222  	-6.5270	-8.2960	-18.1170	
201849201222  	10.5530	20.8010	-0.3050	
201849201222  	16.2870	7.7470	8.0520	
201849201222  	15.7380	-31.9640	-3.9650	
201849201223  	-1.0370	-49.3490	-0.7320	
201849201223  	-42.1510	-17.2630	6.7710	
201849201223  	-8.9670	56.8520	4.7580	
201849201223  	25.9250	-7.0760	17.6900	
201849201223  	11.9560	-19.8860	-0.4270	
201849201223  	-29.4020	16.0430	-22.6920	
201849201223  	-1.9520	26.7790	10.8580	
201849201223  	12.4440	-23.5460	24.6440	
201849201223  	-18.1780	-30.9270	-11.1020	
201849201223  	-12.3220	12.7490	-40.6870	
201849201224  	-5.3680	-2.6840	11.2240	
201849201224  	1.4640	-44.7740	-20.7400	
201849201224  	-13.2980	-3.5380	-43.3100	
201849201224  	-4.2700	0.3050	19.0930	
201849201224  	7.3200	-30.4390	-19.3370	
201849201224  	-38.6130	8.2960	-40.9920	
201849201224  	-10.3090	27.8160	21.2890	
201849201224  	15.0060	-22.8750	33.5500	
201849201224  	-21.2890	-1.7080	-19.3980	
201849201224  	-10.4920	15.8600	-20.0080	
201849201225  	2.3180	18.0560	36.6000	
201849201225  	13.8470	-26.7790	-28.9750	
201849201225  	-10.4310	-3.4160	-46.4820	
201849201225  	-6.8930	39.4670	20.4350	
201849201225  	15.5550	-51.5450	-25.8640	
201849201225  	-15.0060	0.4270	-53.3750	
201849201225  	-4.7580	25.3150	11.5900	
201849201225  	19.8250	-3.8430	29.7680	
201849201225  	-7.2590	-28.2430	-36.9660	
201849201225  	-7.9910	34.6480	-0.8540	
201849201226  	10.8580	37.5150	52.7650	
201849201226  	10.2480	-36.1730	-22.6310	
201849201226  	-6.4050	-1.4030	-39.8330	
201849201226  	2.6840	14.2740	45.9330	
201849201226  	17.9950	-4.8190	-3.5380	
201849201226  	-18.8490	-33.2450	-54.4120	
201849201226  	-12.3220	47.3360	6.8930	
201849201226  	21.8990	15.1890	42.9440	
201849201226  	-8.8450	-16.5310	-26.7180	
201849201226  	-10.3700	3.6600	-25.9250	
201849201227  	-2.3790	57.5840	12.6270	
201849201227  	20.8620	-45.2620	-7.4420	
201849201227  	-17.5680	-10.4920	-19.8250	
201849201227  	-12.2000	65.0870	4.1480	
201849201227  	23.9120	56.6080	50.9350	
201849201227  	15.1280	-37.3320	-14.0910	
201849201227  	-27.9990	7.7470	-16.9580	
201849201227  	-0.5490	19.5200	10.9800	
201849201227  	13.0540	36.9660	45.5670	
201849201227  	24.0340	-50.0810	-9.3330	
201849201228  	-36.1730	23.6680	-14.7620	
201849201228  	1.9520	49.6540	32.2690	
201849201228  	34.5870	-36.6000	32.3300	
201849201228  	-25.9250	-20.8620	-51.6060	
201849201228  	-4.2090	-8.0520	-15.9820	
201849201228  	2.3180	-73.0170	3.7820	
201849201228  	-8.3570	-68.3810	-21.2280	
201849201228  	-25.9250	4.6970	-40.6870	
201849201228  	-5.9170	15.9820	30.0730	
201849201228  	0.0610	-55.4490	20.9840	
201849201229  	-38.0640	-26.9620	-69.3570	
201849201229  	6.0390	-16.4090	-20.8010	
201849201229  	-7.7470	-23.7290	15.2500	
201849201229  	-22.0820	-22.5700	-25.2540	
201849201229  	-19.9470	4.2700	-30.2560	
201849201229  	-11.5290	3.7820	19.2760	
201849201229  	27.5110	-52.7040	68.4420	
201849201229  	-31.9030	7.9910	-35.5630	
201849201229  	-8.9060	8.0520	-5.3070	
201849201229  	3.2940	-15.8600	25.0100	
201849201230  	17.1410	-52.3990	-2.6230	
201849201230  	-21.2280	7.2590	-41.4190	
201849201230  	4.1480	21.1060	3.9040	
201849201230  	15.0060	-25.5590	51.6670	
201849201230  	-24.3390	30.9880	-34.1600	
201849201230  	-1.3420	0.4880	-46.7260	
201849201230  	-3.9650	16.2870	30.2560	
201849201230  	0.0000	-24.0950	1.3420	
201849201230  	-10.1260	-13.7250	-13.2370	
201849201230  	-2.9890	24.4610	-21.1060	
201849201231  	-7.5640	30.3170	21.1060	
201849201231  	-5.7340	-33.3670	28.4260	
201849201231  	-15.4330	7.0150	-30.3170	
201849201231  	-0.5490	14.0910	-38.1860	
201849201231  	12.6880	5.6730	52.7650	
201849201231  	14.3960	-0.1220	-7.1980	
201849201231  	7.1980	3.5990	-46.4210	
201849201231  	6.0390	30.6830	13.2370	
201849201231  	-5.3680	3.7820	30.2560	
201849201231  	-7.1370	-2.9890	-6.2830	
201849201232  	-9.5160	22.6920	-32.6960	
201849201232  	-7.0760	30.6830	25.4370	
201849201232  	20.5570	-45.2010	-12.7490	
201849201232  	-31.8420	-1.9520	-38.2470	
201849201232  	-6.7710	14.1520	-10.3700	
201849201232  	7.8690	-16.3480	36.1120	
201849201232  	-5.7340	-9.2720	-9.4550	
201849201232  	-7.2590	7.9300	-26.4740	
201849201232  	-0.5490	17.3240	20.5570	
201849201232  	2.7450	-13.9690	-13.5420	
201849201233  	-31.9640	-7.5640	-24.8880	
201849201233  	-8.6010	12.9320	-16.0430	
201849201233  	3.9040	39.2230	36.2950	
201849201233  	8.3570	-58.0110	6.8320	
201849201233  	-0.6710	-33.7330	-5.3680	
201849201233  	-2.1350	-3.3550	-1.8910	
201849201233  	-1.9520	0.7320	-3.9650	
201849201233  	-4.0870	-0.3660	0.1830	
201849201233  	-3.1720	1.7690	-3.1110	
201849201233  	-3.7210	-3.1110	-2.8060	
201849201234  	-1.9520	-2.0740	-1.7080	
201849201234  	-2.9280	-6.7100	-4.3310	
201849201234  	-3.6600	-1.7080	-3.0500	
201849201234  	-4.8190	-1.0980	-2.1350	
201849201234  	-3.2330	-6.6490	-3.1110	
201849201234  	-5.0020	-7.6860	-3.9650	
201849201234  	-3.2940	-3.3550	-2.8060	
201849201234  	-3.2330	-4.3920	-4.2700	
201849201234  	-4.3920	-3.9650	-1.8910	
201849201234  	-3.4160	-3.5990	-1.5860	
201849201235  	-1.7690	-0.9760	-2.6230	
201849201235  	-3.5380	3.0500	0.3660	
201849201235  	-5.6730	9.6990	0.3660	
201849201235  	0.0000	6.4660	5.1240	
201849201235  	11.3460	11.5900	16.2260	
201849201235  	43.6150	1.7690	36.9660	
201849201235  	-4.5750	9.8820	17.6290	
201849201235  	15.3110	58.9260	51.0570	
201849201235  	47.0310	103.1510	76.9210	
201849201235  	34.1600	103.1510	61.9760	
201849201236  	46.1770	46.4210	45.6280	
201849201236  	26.7180	-30.2560	5.9780	
201849201236  	-26.2300	43.1880	-2.4400	
201849201236  	67.1610	42.3950	10.9800	
201849201236  	53.4970	40.1380	53.1310	
201849201236  	-51.2400	34.8310	39.1010	
201849201236  	-72.1020	162.8700	37.6370	
201849201236  	-10.2480	144.0210	55.8760	
201849201236  	1.3420	68.0760	18.9710	
201849201236  	-16.9580	27.3280	2.6230	
201849201237  	-15.3110	26.7790	29.7680	
201849201237  	17.0800	124.1960	3.7210	
201849201237  	-32.8790	-117.9740	-22.3260	
201849201237  	42.2730	-116.9980	58.5600	
201849201237  	-10.2480	29.5240	-4.7580	
201849201237  	-23.6070	57.0960	-29.4020	
201849201237  	-15.7990	59.2310	-46.9090	
201849201237  	-13.6640	20.6180	50.3250	
201849201237  	8.1130	-93.0860	56.5470	
201849201237  	-12.0780	-51.2400	5.2460	
201849201238  	7.8080	73.0170	-48.9830	
201849201238  	16.8360	33.1840	77.9580	
201849201238  	-13.7860	-16.2870	-13.4200	
201849201238  	-18.6050	-1.0370	-39.4670	
201849201238  	-5.1850	8.9060	38.1250	
201849201238  	-7.1370	-12.2000	-9.3940	
201849201238  	-6.7710	1.2810	-50.5690	
201849201238  	10.5530	9.8210	22.3870	
201849201238  	6.7710	-14.4570	2.1960	
201849201238  	1.8300	13.9690	-34.1600	
201849201239  	13.4200	3.9040	1.7080	
201849201239  	16.3480	-17.8120	17.9950	
201849201239  	3.2330	24.4610	-49.1660	
201849201239  	-7.0760	1.7080	11.0410	
201849201239  	6.5880	-15.6770	8.8450	
201849201239  	23.3020	17.1410	-62.2810	
201849201239  	11.1020	19.1540	-13.4810	
201849201239  	3.8430	-28.7310	17.3240	
201849201239  	10.9190	-0.2440	-52.0330	
201849201239  	-13.6640	5.7950	7.4420	
201849201240  	-32.0250	-54.1070	26.1690	
201849201240  	-30.6830	26.2910	-9.8210	
201849201240  	-36.2340	-12.8100	12.7490	
201849201240  	-10.2480	-32.3910	5.0630	
201849201240  	-13.6030	5.1240	-2.6840	
201849201240  	-2.8060	-7.0760	-25.6200	
201849201240  	2.8060	-13.1150	43.9810	
201849201240  	-18.1170	-9.1500	-8.5400	
201849201240  	-12.0780	-15.3720	-8.4790	
201849201240  	16.1040	11.8950	45.3230	
201849201241  	-24.8270	-42.0900	-14.2740	
201849201241  	1.6470	-2.2570	-19.3980	
201849201241  	17.5070	29.3410	29.7680	
201849201241  	-22.8140	-26.0470	-11.8950	
201849201241  	-3.4160	-0.6100	6.5270	
201849201241  	20.8620	20.8010	39.5280	
201849201241  	7.3810	-0.6710	-33.9770	
201849201241  	4.2090	-2.1350	5.1850	
201849201241  	23.9120	12.5660	23.0580	
201849201241  	-8.9060	-13.7860	-28.9140	
201849201242  	-18.8490	-2.7450	-6.7710	
201849201242  	-17.2630	-3.4160	-14.2130	
201849201242  	-47.9460	-23.3020	-19.7030	
201849201242  	-27.0840	-14.3350	17.1410	
201849201242  	-38.6130	-31.2930	-13.6030	
201849201242  	-20.4350	-25.3150	-37.5760	
201849201242  	6.5270	6.3440	34.0990	
201849201242  	-33.7330	-23.7290	-9.6380	
201849201242  	-24.6440	11.1020	-59.7800	
201849201242  	-13.2980	-3.5990	56.9130	
201849201243  	-39.4060	-15.4940	-2.0130	
201849201243  	-10.7970	21.7160	-52.1550	
201849201243  	-12.8100	18.8490	46.9700	
201849201243  	-32.0860	-6.0390	-4.9410	
201849201243  	-77.5920	8.0520	-17.5680	
201849201243  	-41.6020	36.2950	-8.9670	
201849201243  	-47.5190	39.5280	-12.8710	
201849201243  	-10.3700	18.1780	0.0610	
201849201243  	18.4220	-7.7470	2.5620	
201849201243  	22.4480	-19.5810	-2.7450	
201849201244  	37.3930	-25.8640	5.0630	
201849201244  	50.4470	-44.7130	6.5270	
201849201244  	57.5840	-6.6490	15.7380	
201849201244  	-7.1370	-9.8820	11.0410	
201849201244  	-10.5530	19.4590	-25.3760	
201849201244  	34.2210	-20.0690	33.5500	
201849201244  	-8.1130	-37.6370	-11.4070	
201849201244  	21.7160	67.5270	-55.5710	
201849201244  	18.8490	23.4240	29.7070	
201849201244  	-7.3200	-32.9400	-12.5050	
201849201245  	9.2110	1.6470	-56.1200	
201849201245  	20.1910	-1.0980	21.4720	
201849201245  	14.3960	-19.3370	-9.6990	
201849201245  	24.6440	29.7070	-71.9800	
201849201245  	9.2110	5.8560	21.2280	
201849201245  	6.7100	-7.1370	-5.2460	
201849201245  	-7.1370	-7.0150	-36.4780	
201849201245  	5.2460	3.5380	1.5250	
201849201245  	17.9340	-15.4330	19.5810	
201849201245  	13.1760	5.4900	-41.9680	
201849201246  	-0.2440	-10.2480	2.9280	
201849201246  	9.6990	-10.7970	31.0490	
201849201246  	5.3680	0.3050	-19.5200	
201849201246  	-20.0690	-9.3330	-6.4660	
201849201246  	8.9670	4.0260	42.2730	
201849201246  	-9.0280	-14.0300	-8.6620	
201849201246  	-10.9190	-15.3720	10.4310	
201849201246  	22.3870	-3.7210	10.7970	
201849201246  	-17.8120	-16.7750	-11.8950	
201849201246  	0.4270	20.3130	-20.7400	
201849201247  	6.5880	-3.9040	5.9780	
201849201247  	-15.1890	-7.6860	-9.0890	
201849201247  	-23.4850	-23.7900	-0.6100	
201849201247  	2.9280	-14.7620	10.4920	
201849201247  	-0.3660	5.6730	-17.8120	
201849201247  	0.0610	9.6990	-9.3940	
201849201247  	10.6140	16.4700	23.6070	
201849201247  	-6.5270	-19.5200	-27.6330	
201849201247  	0.0000	13.2980	7.9300	
201849201247  	12.0780	0.9150	-1.0370	
201849201248  	-11.5290	-35.1970	-29.2800	
201849201248  	29.7680	45.0790	18.1170	
201849201248  	-8.2960	-42.2120	10.8580	
201849201248  	13.1760	-9.8210	-5.7340	
201849201248  	41.7240	31.9640	14.3960	
201849201248  	-8.6620	-43.7370	-23.4850	
201849201248  	20.8620	5.4290	-6.6490	
201849201248  	18.0560	-14.7010	34.1600	
201849201248  	-3.2940	-28.4260	-4.8190	
201849201248  	5.7950	-8.7840	-0.4270	
201849201249  	-4.2090	-19.0930	67.2830	
201849201249  	-12.9930	-28.5480	-15.0670	
201849201249  	2.0740	2.3790	-20.1910	
201849201249  	-8.2960	-21.8990	76.6770	
201849201249  	11.5900	11.1630	-75.9450	
201849201249  	-12.3220	14.8840	16.2870	
201849201249  	-28.6090	-19.7030	1.3420	
201849201249  	-21.1060	15.8600	-40.4430	
201849201249  	-36.9660	-1.0370	69.2350	
201849201249  	-31.3540	-27.8770	3.1110	
201849201250  	-3.6600	17.3850	-21.7770	
201849201250  	-37.0880	10.0040	32.6960	
201849201250  	-9.5160	-3.5990	14.5180	
201849201250  	-22.5700	-27.9990	36.9660	
201849201250  	0.7930	10.3700	-18.3000	
201849201250  	1.0370	10.8580	-26.7790	
201849201250  	10.4310	25.8640	23.7900	
201849201250  	-19.0930	-24.9490	-8.8450	
201849201250  	-4.5750	-8.7840	-7.1370	
201849201250  	13.7860	8.7230	11.1020	
201849201251  	-0.1830	11.2240	-13.2980	
201849201251  	-4.6360	9.6380	9.5770	
201849201251  	19.8250	9.4550	7.4420	
201849201251  	28.3650	29.0970	-30.7440	
201849201251  	23.4850	23.4850	13.7250	
201849201251  	27.6940	-0.4880	-15.9210	
201849201251  	-13.7860	-19.2760	-24.4610	
201849201251  	2.5620	-2.2570	-4.6970	
201849201251  	-9.8210	-38.2470	-10.3090	
201849201251  	6.4050	-0.4270	-34.0380	
201849201252  	24.0950	27.0840	8.9670	
201849201252  	-14.8840	-32.2080	-6.5270	
201849201252  	8.2960	3.2330	-38.3690	
201849201252  	-0.9760	5.2460	50.3860	
201849201252  	-26.3520	-40.0770	-19.7030	
201849201252  	5.3680	1.7080	-3.9650	
201849201252  	-4.8190	3.9650	25.0710	
201849201252  	-22.0210	-13.2980	-2.5620	
201849201252  	-31.0490	-15.7990	-11.3460	
201849201252  	-33.4890	12.2610	32.0250	
201849201253  	-15.7990	-11.5900	9.5770	
201849201253  	-45.8720	-13.3590	-4.5750	
201849201253  	24.2780	25.5590	14.6400	
201849201253  	-9.0890	-15.3720	-5.3680	
201849201253  	1.1590	25.9250	-9.6380	
201849201253  	1.0370	-7.2590	-10.9190	
201849201253  	-6.8930	-25.9860	-8.6010	
201849201253  	15.4940	5.4900	25.1930	
201849201253  	-16.5920	-25.3760	-1.5860	
201849201253  	-4.1480	-14.2740	5.7950	
201849201254  	35.6240	29.7070	25.0100	
201849201254  	9.0890	5.8560	-56.7910	
201849201254  	10.1260	14.3960	4.3310	
201849201254  	-3.5380	-10.9190	-7.4420	
201849201254  	-4.5750	2.0740	-30.5610	
201849201254  	10.9800	0.7930	11.9560	
201849201254  	7.4420	-11.7730	11.0410	
201849201254  	-0.3660	-12.4440	9.0890	
201849201254  	6.8320	8.9060	-13.2980	
201849201254  	-4.1480	-2.6840	-0.9760	
201849201255  	-2.5620	-0.9760	-2.9890	
201849201255  	-5.9780	-4.6970	-2.8670	
201849201255  	-4.2090	-2.7450	-1.0980	
201849201255  	-1.3420	-1.0370	-2.0740	
201849201255  	-0.9760	-1.5860	-0.4880	
201849201255  	-4.0260	-3.7820	-3.4770	
201849201255  	-2.9890	-4.3920	-3.1110	
201849201255  	-2.4400	-3.1110	-2.7450	
201849201255  	-1.2200	-6.1610	-4.9410	
201849201255  	1.5250	1.0370	-9.2110	
201849201256  	0.0000	-4.9410	-6.1000	
201849201256  	-6.1000	-35.3800	-5.5510	
201849201256  	2.6840	-103.7610	-5.4900	
201849201256  	20.2520	-134.9320	-36.2950	
201849201256  	23.9120	-45.6890	-42.0290	
201849201256  	29.0970	3.5380	-36.1120	
201849201256  	20.7400	27.3280	-34.1600	
201849201256  	30.1950	88.9990	-12.3220	
201849201256  	11.9560	64.3550	13.4810	
201849201256  	-21.5940	146.8880	-25.7420	
201849201257  	-9.2110	14.3350	-19.3980	
201849201257  	11.2240	6.2830	-20.4960	
201849201257  	-5.6120	-97.4780	8.2960	
201849201257  	12.6270	-71.4310	37.0880	
201849201257  	-19.6420	-92.4150	35.1970	
201849201257  	-4.8800	54.5340	-45.8110	
201849201257  	9.5770	195.5660	-59.4750	
201849201257  	5.2460	101.9920	-18.2390	
201849201257  	-1.6470	-6.4050	9.8210	
201849201257  	1.7690	5.0630	1.2810	
201849201258  	7.1980	-5.5510	8.1130	
201849201258  	-6.0390	-106.2010	36.4780	
201849201258  	8.9670	-23.7900	3.9650	
201849201258  	10.9190	78.9950	-40.0160	
201849201258  	-3.5990	49.7760	-19.7030	
201849201258  	-6.6490	-46.0550	22.8140	
201849201258  	-5.3680	-70.9430	24.9490	
201849201258  	8.8450	-0.9760	-14.4570	
201849201258  	-4.3310	45.2620	-51.7280	
201849201258  	-19.2150	-38.4300	18.2390	
201849201259  	-3.6600	-61.3050	24.6440	
201849201259  	6.5270	23.5460	-28.9750	
201849201259  	-17.3850	10.3090	-12.0780	
201849201259  	-28.0600	-58.0110	35.3800	
201849201259  	-3.7820	-45.5670	16.4700	
201849201259  	7.3200	35.6240	-26.9620	
201849201259  	-1.3420	56.9130	-16.8360	
201849201259  	-16.1040	-57.8280	31.4760	
201849201259  	-10.3700	-91.3780	21.1060	
201849201259  	11.2850	19.1540	-12.5660	
20184920130  	-7.0760	111.5080	-55.6320	
20184920130  	-17.9340	-33.9770	31.1100	
20184920130  	-2.0130	-82.4720	55.9370	
20184920130  	-2.7450	11.1630	-8.1130	
20184920130  	-19.0320	35.3800	-13.7860	
20184920130  	-10.5530	-70.3330	22.9360	
20184920130  	-1.1590	-63.5620	12.0780	
20184920130  	-2.0130	35.8070	-17.7510	
20184920130  	-13.5420	46.9090	-26.7790	
20184920130  	-21.3500	-74.4810	20.2520	
20184920131  	7.1980	-56.2420	4.0260	
20184920131  	28.1210	50.4470	-17.5680	
20184920131  	3.2940	105.9570	-59.5360	
20184920131  	-8.7840	-3.0500	4.1480	
20184920131  	-9.3940	-82.3500	37.8200	
20184920131  	-9.5770	-44.1640	12.0170	
20184920131  	3.6600	41.2360	-22.6920	
20184920131  	9.6990	76.7380	-30.6220	
20184920131  	-24.4610	-133.0410	44.3470	
20184920131  	-10.7360	-72.8340	14.7620	
20184920132  	8.9060	-28.6700	8.7230	
20184920132  	-18.4830	32.5130	-3.1720	
20184920132  	-18.2390	88.9380	-16.1650	
20184920132  	-15.0060	-51.8500	12.9930	
20184920132  	0.1830	-72.8950	14.2740	
20184920132  	17.8120	-33.3670	-3.7210	
20184920132  	16.7140	67.7100	-25.0100	
20184920132  	6.0390	111.1420	-50.3250	
20184920132  	-10.7360	-53.4970	21.2280	
20184920132  	5.9780	-87.4740	33.9160	
20184920133  	18.0560	20.9230	-29.5240	
20184920133  	34.5260	84.9120	-37.8810	
20184920133  	28.6090	12.6270	-1.3420	
20184920133  	6.3440	-47.8850	30.5000	
20184920133  	0.4270	18.6660	-17.2630	
20184920133  	-0.4270	24.2170	-10.3700	
20184920133  	-11.1020	-0.1220	10.6750	
20184920133  	-10.4920	-49.6540	31.2930	
20184920133  	-2.8060	-2.8670	-2.6230	
20184920133  	-16.2260	22.6920	-3.5380	
20184920134  	-11.8340	6.4660	-1.8300	
20184920134  	-3.3550	-44.3470	19.7030	
20184920134  	12.7490	-20.4350	6.4660	
20184920134  	7.2590	16.1040	-13.2370	
20184920134  	-17.5070	44.8350	-52.3990	
20184920134  	2.8060	3.3550	4.7580	
20184920134  	19.1540	-31.2320	9.5160	
20184920134  	21.8990	33.9160	-17.9340	
20184920134  	-7.0760	59.0480	-45.3840	
20184920134  	-3.8430	-1.9520	-2.0740	
20184920135  	14.9450	-24.8880	27.4500	
20184920135  	8.9060	-6.3440	-10.5530	
20184920135  	-19.7030	35.1360	-30.9270	
20184920135  	-18.9100	-1.5860	-15.0060	
20184920135  	-5.4900	-36.1120	6.2220	
20184920135  	4.0260	-51.1180	23.6680	
20184920135  	11.3460	33.7330	-26.7180	
20184920135  	-16.1040	12.7490	-23.2410	
20184920135  	-13.8470	-29.0970	29.2190	
20184920135  	-12.2610	-50.2030	15.3110	
20184920136  	-11.8950	-12.5660	-8.4790	
20184920136  	-3.5380	43.6760	-42.7610	
20184920136  	-5.4290	-5.9780	12.3830	
20184920136  	10.3700	-61.1830	26.3520	
20184920136  	1.4640	-30.2560	0.7930	
20184920136  	-3.6600	65.3310	-53.9240	
20184920136  	-3.2330	18.7880	7.0760	
20184920136  	16.1040	-57.4010	25.9860	
20184920136  	-3.4770	0.0610	-6.3440	
20184920136  	-21.6550	60.4510	-56.2420	
20184920137  	-20.3130	36.1730	-0.6710	
20184920137  	11.4680	-49.5320	59.7800	
20184920137  	-6.9540	-25.8640	2.1350	
20184920137  	-3.1720	-6.4050	-4.8800	
20184920137  	-12.3220	19.3980	-11.9560	
20184920137  	-16.3480	3.3550	-3.2940	
20184920137  	4.5140	-54.1070	55.5710	
20184920137  	-0.4270	-42.9440	16.9580	
20184920137  	-1.4030	28.2430	-29.4630	
20184920137  	7.3200	48.7390	-25.5590	
20184920138  	-12.8710	-42.9440	53.4970	
20184920138  	-7.1370	-41.9070	14.9450	
20184920138  	-5.6120	12.9930	-22.5700	
20184920138  	-12.2610	13.9080	-7.3810	
20184920138  	-1.7080	9.0280	-9.1500	
20184920138  	-22.0210	-57.5230	-2.7450	
20184920138  	-1.0370	-2.9280	-3.5380	
20184920138  	-3.9040	-12.5660	36.4170	
20184920138  	15.9210	-40.5650	24.4000	
20184920138  	-1.8300	3.5380	-1.9520	
20184920139  	-13.4200	58.2550	-65.9410	
20184920139  	-12.2000	13.3590	2.5010	
20184920139  	-3.1720	-28.4870	47.7630	
20184920139  	-12.4440	-42.7610	14.4570	
20184920139  	-11.1630	-4.7580	-6.8930	
20184920139  	-9.6990	27.7550	-28.2430	
20184920139  	-11.3460	23.5460	-19.3980	
20184920139  	-8.2960	-36.9660	51.8500	
20184920139  	-8.2960	-35.6850	15.0670	
20184920139  	-7.6250	4.3920	-11.8340	
201849201310  	-7.8080	-0.6710	-5.7340	
201849201310  	-9.8210	-27.8160	10.0040	
201849201310  	22.0210	-20.8010	8.9670	
201849201310  	2.9280	-15.7380	-12.9930	
201849201310  	0.7930	-58.4990	-12.0170	
201849201310  	0.2440	-68.6250	-23.7290	
201849201310  	-9.0280	-53.5580	-40.9310	
201849201310  	10.1870	36.7220	-40.1990	
201849201310  	22.5090	66.1850	-28.1820	
201849201310  	19.0320	84.3020	-32.6350	
201849201311  	-1.7080	5.7340	-7.3200	
201849201311  	-28.9140	-114.9850	51.9720	
201849201311  	-5.1240	-39.0400	-0.2440	
201849201311  	18.7880	41.4800	-30.4390	
201849201311  	14.2130	58.9260	-28.1820	
201849201311  	7.0760	17.5070	-19.1540	
201849201311  	-29.7680	-57.2180	30.8050	
201849201311  	-15.5550	-58.7430	13.4200	
201849201311  	-13.9690	-26.9620	-5.1850	
201849201311  	-10.3090	-6.0390	-3.4160	
201849201312  	-6.7100	1.4030	0.6100	
201849201312  	-7.3200	-3.1110	1.0980	
201849201312  	-2.4400	0.4880	-5.4900	
201849201312  	-1.2810	1.9520	-0.1220	
201849201312  	-4.0260	-0.1220	-3.2330	
201849201312  	-2.5010	0.2440	-0.4880	
201849201312  	-3.5380	0.3050	-1.0980	
201849201312  	-2.7450	1.8910	-0.2440	
201849201312  	-3.3550	-1.7690	-2.4400	
201849201312  	-4.2090	-10.8580	-0.9760	
201849201313  	-3.0500	-8.4180	-1.2810	
201849201313  	-1.2810	-10.1260	-1.0370	
201849201313  	-9.3940	-66.1850	-6.3440	
201849201313  	7.6250	-64.1720	10.4920	
201849201313  	11.2240	-7.4420	-52.6430	
201849201313  	19.2150	42.8220	-29.5240	
201849201313  	16.8360	95.0380	-41.0530	
201849201313  	11.2240	74.9080	-23.8510	
201849201313  	3.1110	60.3290	-8.8450	
201849201313  	-30.9880	-9.9430	9.6990	
201849201314  	-53.6190	-203.5570	71.0650	
201849201314  	-4.5750	-21.2280	2.8060	
201849201314  	24.3390	115.1070	-44.3470	
201849201314  	2.9280	78.8120	-4.9410	
201849201314  	-36.4780	-52.4600	17.5680	
201849201314  	-30.6830	-121.2680	46.1160	
201849201314  	3.1720	13.5420	-26.6570	
201849201314  	10.6140	51.5450	-16.8360	
201849201314  	-9.8210	58.6210	-8.2960	
201849201314  	-30.1340	-70.3330	60.6340	
201849201315  	-21.4110	-62.9520	19.9470	
201849201315  	30.5610	45.9940	-74.6640	
201849201315  	44.6520	106.9330	-90.2190	
201849201315  	-14.6400	-3.7820	-1.0980	
201849201315  	-19.3980	-73.7490	18.2390	
201849201315  	-6.5270	-36.7830	-5.9170	
201849201315  	6.6490	20.9840	-25.2540	
201849201315  	4.2700	24.7050	-14.6400	
201849201315  	-21.1670	-10.0040	23.7900	
201849201315  	-25.2540	-25.8030	23.5460	
201849201316  	2.0740	34.2820	-25.4370	
201849201316  	-0.6100	37.0270	-17.6290	
201849201316  	-9.2720	17.2630	-23.6680	
201849201316  	-36.1730	-27.6940	17.9950	
201849201316  	-33.1840	-29.8290	17.5680	
201849201316  	11.3460	28.3040	-34.4650	
201849201316  	4.0260	19.0930	-10.6140	
201849201316  	-7.0150	-18.6050	17.9950	
201849201316  	-20.7400	-41.4190	23.4850	
201849201316  	-5.6730	13.9690	-1.2200	
201849201317  	43.3100	52.3990	-34.0990	
201849201317  	90.4020	57.1570	-41.4800	
201849201317  	65.1480	3.7210	-3.8430	
201849201317  	-1.7690	-44.2250	43.6760	
201849201317  	13.2370	-18.3000	27.5110	
201849201317  	24.0340	34.4650	-37.9420	
201849201317  	53.7410	43.0050	-58.0720	
201849201317  	-13.1760	3.0500	-4.2700	
201849201317  	-27.2670	-25.8640	19.8250	
201849201317  	-33.4890	-16.2870	13.6030	
201849201318  	-11.7730	29.0360	-33.4890	
201849201318  	5.4900	29.3410	-12.8100	
201849201318  	-22.2040	-15.6770	21.5940	
201849201318  	-23.3020	-33.4890	10.8580	
201849201318  	-13.3590	9.6380	-8.7230	
201849201318  	14.2740	78.5680	-33.4890	
201849201318  	-17.0800	-2.6230	12.5050	
201849201318  	-26.6570	-43.1270	21.5940	
201849201318  	-11.2850	-20.7400	15.5550	
201849201318  	-9.3330	-13.4200	14.6400	
201849201319  	6.4050	18.1170	-53.0700	
201849201319  	28.3650	61.6710	-61.3660	
201849201319  	0.6710	3.5380	-6.2220	
201849201319  	-27.6330	-70.9430	34.6480	
201849201319  	-1.3420	-31.2320	-4.7580	
201849201319  	37.2710	59.4750	-55.6930	
201849201319  	4.2090	2.2570	-10.8580	
201849201319  	-1.2200	-39.8940	21.1670	
201849201319  	-7.9910	-68.8080	18.7880	
201849201319  	13.0540	29.8900	-27.9990	
201849201320  	-24.7050	-27.4500	16.5920	
201849201320  	9.3330	-8.7840	-13.6030	
201849201320  	-18.7270	-54.7780	23.2410	
201849201320  	-10.3700	-29.0970	-5.6120	
201849201320  	11.9560	31.1100	-34.9530	
201849201320  	21.8990	51.4230	-29.5240	
201849201320  	1.6470	18.1170	-17.7510	
201849201320  	-29.8290	-74.6640	53.0090	
201849201320  	-30.7440	-86.3150	30.9880	
201849201320  	47.2750	87.5960	-91.8050	
201849201321  	29.0360	101.0160	-38.7960	
201849201321  	-3.5380	-11.2850	4.7580	
201849201321  	-32.3300	-78.7510	52.8870	
201849201321  	-4.8190	-15.4940	-2.6230	
201849201321  	14.3960	33.5500	-61.6710	
201849201321  	22.3260	74.9080	-26.1690	
201849201321  	-15.1280	-23.9730	50.7520	
201849201321  	-12.3220	-7.3200	2.5620	
201849201321  	6.8930	8.5400	-31.1710	
201849201321  	7.0760	38.9790	-14.2740	
201849201322  	-17.3240	-13.6030	35.1360	
201849201322  	-24.7050	-50.0810	27.5720	
201849201322  	-2.8060	17.7510	-31.0490	
201849201322  	-6.0390	6.5880	-0.1220	
201849201322  	-19.3980	-17.9950	17.8730	
201849201322  	-26.8400	-29.3410	17.8120	
201849201322  	-7.6250	1.3420	1.2200	
201849201322  	-19.5200	-30.5610	8.6620	
201849201322  	-52.5210	-69.4180	31.6590	
201849201322  	-29.3410	18.9100	17.8730	
201849201323  	-18.2390	-45.3840	10.1870	
201849201323  	2.1960	-28.4870	21.5940	
201849201323  	15.4940	36.4170	-31.2320	
201849201323  	21.1060	44.2860	-59.2310	
201849201323  	0.5490	6.6490	-5.3070	
201849201323  	-12.5050	-8.9670	25.3760	
201849201323  	-8.7840	-10.1260	5.1850	
201849201323  	-1.5250	-5.1850	-10.2480	
201849201323  	9.9430	13.6030	-27.3890	
201849201323  	-1.0370	1.7080	-8.6010	
201849201324  	-14.5180	-0.6100	6.2220	
201849201324  	-11.3460	-14.3350	13.6030	
201849201324  	2.7450	0.0000	-15.3720	
201849201324  	-6.3440	-5.4290	-4.2700	
201849201324  	5.6730	18.6050	5.0630	
201849201324  	-9.7600	-9.2110	20.3740	
201849201324  	5.0020	-8.4180	7.7470	
201849201324  	4.2700	6.2830	-33.4280	
201849201324  	1.0980	2.6230	-6.8930	
201849201324  	11.0410	32.2080	2.6230	
201849201325  	-19.4590	-33.1840	12.7490	
201849201325  	-18.7880	-43.3100	13.6640	
201849201325  	25.9860	48.0680	-34.3430	
201849201325  	2.7450	-5.8560	-12.5050	
201849201325  	-7.0760	-54.1680	7.5030	
201849201325  	6.0390	-36.5390	-6.5270	
201849201325  	6.1610	-7.7470	-16.9580	
201849201325  	12.3220	32.8790	-52.7650	
201849201325  	2.2570	9.8210	-7.9300	
201849201325  	-25.2540	-52.7650	31.3540	
201849201326  	-11.3460	-38.8570	4.2700	
201849201326  	5.7340	25.2540	-10.0650	
201849201326  	5.6120	39.9550	-31.9640	
201849201326  	10.9190	30.6830	-16.8970	
201849201326  	-31.0490	-53.3140	47.4580	
201849201326  	-17.2020	-50.3250	21.2890	
201849201326  	0.4270	15.0670	-18.9710	
201849201326  	2.6840	30.6830	-6.7100	
201849201326  	-8.7230	20.6180	-6.2220	
201849201326  	-6.9540	0.4880	18.1170	
201849201327  	-15.0670	-6.5270	18.9100	
201849201327  	-13.2370	-6.7710	-3.1110	
201849201327  	10.3090	41.7850	-18.7270	
201849201327  	-2.8670	14.7620	14.7620	
201849201327  	-25.8640	-32.3910	21.1060	
201849201327  	-1.2810	3.1110	-25.2540	
201849201327  	7.8690	29.7680	-4.8190	
201849201327  	-17.2020	-10.4310	26.1080	
201849201327  	-20.0080	-23.3630	29.4630	
201849201327  	-9.0280	-10.6140	0.0610	
201849201328  	6.6490	-10.6750	-37.7590	
201849201328  	4.0260	17.3240	-12.2000	
201849201328  	-9.5160	11.7120	7.9300	
201849201328  	-9.0280	-13.0540	17.2020	
201849201328  	-11.9560	-7.0760	0.9760	
201849201328  	-7.9300	-8.6620	-1.7690	
201849201328  	3.6600	29.0360	-18.3000	
201849201328  	0.6710	13.2980	0.9760	
201849201328  	-14.7620	-21.1670	17.8730	
201849201328  	-20.8620	-25.9250	21.2280	
201849201329  	8.6010	5.7950	-36.4780	
201849201329  	1.7690	-4.6970	4.6970	
201849201329  	-13.8470	-1.5860	34.2820	
201849201329  	-12.7490	-13.6030	21.8380	
201849201329  	-9.1500	-11.2850	-12.3220	
201849201329  	-10.7360	-25.1930	-16.9580	
201849201329  	-3.4770	-1.6470	-15.0060	
201849201329  	43.1880	26.9010	-30.5610	
201849201329  	40.3210	30.8050	-32.3300	
201849201329  	14.6400	8.4790	-14.0300	
201849201330  	-3.7820	-7.4420	6.6490	
201849201330  	-5.8560	-13.2980	-0.4880	
201849201330  	-0.9760	-10.6750	-0.7320	
201849201330  	3.5990	-2.6230	-4.1480	
201849201330  	-0.6710	-0.6710	-2.9280	
201849201330  	-2.0130	-10.8580	-1.3420	
201849201330  	-3.0500	-0.6100	-3.6600	
201849201330  	-2.9890	-2.3180	-2.2570	
201849201330  	-1.6470	-1.2810	-1.4640	
201849201330  	-1.7690	2.6230	-1.9520	
201849201331  	-1.0370	-0.4880	-1.5250	
201849201331  	0.3660	2.8060	-4.1480	
201849201331  	-3.7210	-3.7820	-1.8300	
201849201331  	-1.3420	-1.4640	-0.9150	
201849201331  	1.1590	0.9150	-1.7080	
201849201331  	0.5490	12.8710	-7.4420	
201849201331  	8.9060	-30.0120	-6.8320	
201849201331  	35.6240	-3.0500	-39.1010	
201849201331  	81.7400	5.6730	-41.9070	
201849201331  	12.7490	51.3620	0.3660	
201849201332  	24.6440	263.8860	61.2440	
201849201332  	-4.5750	56.0590	48.6170	
201849201332  	38.9790	190.4420	31.6590	
201849201332  	56.4250	57.0350	29.9510	
201849201332  	2.9280	72.4680	2.3180	
201849201332  	41.3580	87.2300	43.1880	
201849201332  	13.3590	0.6100	42.7000	
201849201332  	-11.8340	17.3850	49.0440	
201849201332  	-14.1520	94.4890	32.8180	
201849201332  	21.7160	18.5440	-25.9250	
201849201333  	-2.3790	2.3790	11.6510	
201849201333  	16.7140	7.4420	7.9300	
201849201333  	7.5030	-40.2600	-20.7400	
201849201333  	-36.9050	-37.3320	-19.9470	
201849201333  	-0.3050	9.8820	3.1110	
201849201333  	4.1480	0.9760	-27.2060	
201849201333  	-11.7730	-9.6380	-5.5510	
201849201333  	35.7460	19.2150	10.7360	
201849201333  	-3.4770	-2.6840	-20.2520	
201849201333  	-17.0190	-16.8970	-3.8430	
201849201334  	0.2440	-6.7710	-2.0130	
201849201334  	-5.1240	-4.2700	-12.8100	
201849201334  	-22.5090	-14.8840	-4.6970	
201849201334  	17.7510	19.8250	21.4720	
201849201334  	9.3940	-14.7620	5.8560	
201849201334  	-34.6480	-15.6770	0.1830	
201849201334  	12.8100	10.8580	14.7620	
201849201334  	42.9440	-3.2330	-8.4180	
201849201334  	-21.6550	-4.6970	-4.5750	
201849201334  	12.0780	9.4550	14.3960	
201849201335  	6.7100	-17.5070	-32.8790	
201849201335  	-21.7770	-23.9730	-17.5680	
201849201335  	4.2090	-8.2350	0.7930	
201849201335  	3.9040	-21.0450	-29.2800	
201849201335  	-4.2700	-4.1480	-5.0630	
201849201335  	13.2370	11.1630	11.4680	
201849201335  	-0.3050	-11.4680	-6.3440	
201849201335  	-14.5790	-2.9890	-1.0980	
201849201335  	17.1410	23.8510	18.9100	
201849201335  	10.0040	-18.1780	1.4030	
201849201336  	-31.7810	-5.1850	-9.6380	
201849201336  	-7.8690	-0.9760	-0.8540	
201849201336  	-5.6730	-25.3760	-36.2950	
201849201336  	6.2830	2.9280	22.4480	
201849201336  	-5.2460	9.8820	-1.6470	
201849201336  	-5.7340	-9.8210	-23.3020	
201849201336  	-0.3050	19.4590	20.0080	
201849201336  	-31.7810	-49.1050	-19.1540	
201849201336  	-15.4330	-19.1540	-17.5680	
201849201336  	1.0980	10.0040	10.0040	
201849201337  	10.0650	0.3660	-13.1760	
201849201337  	-13.1150	-9.6380	-2.5620	
201849201337  	14.0300	21.5940	10.7970	
201849201337  	-36.9050	-39.4060	-36.4170	
201849201337  	31.1100	38.0030	31.1100	
201849201337  	-13.2370	-6.7100	-18.2390	
201849201337  	7.8080	-13.7860	-17.1410	
201849201337  	2.7450	5.3680	6.2830	
201849201337  	-20.6790	-24.6440	-22.4480	
201849201337  	5.0020	1.4030	5.8560	
201849201338  	-12.8710	11.8950	3.3550	
201849201338  	-4.9410	-21.4720	-12.5660	
201849201338  	-8.2960	-3.1110	4.0260	
201849201338  	1.5250	-2.6840	-9.9430	
201849201338  	16.0430	5.7340	5.6120	
201849201338  	-16.6530	-19.7030	-11.1020	
201849201338  	7.3810	1.0370	17.6290	
201849201338  	2.4400	-26.4130	-3.7820	
201849201338  	-18.9710	-17.5680	-4.9410	
201849201338  	-15.9820	-15.6160	-5.0020	
201849201339  	-19.9470	-17.4460	-21.7160	
201849201339  	-10.1260	7.8080	7.5640	
201849201339  	-5.5510	3.0500	-0.0610	
201849201339  	-2.9280	-7.9910	-17.0190	
201849201339  	11.0410	17.8730	22.5090	
201849201339  	-13.2370	-0.8540	-7.3200	
201849201339  	-7.1980	-2.6230	-31.5370	
201849201339  	11.2240	14.3350	25.4370	
201849201339  	-2.3790	9.9430	-4.3920	
201849201339  	-7.4420	7.1980	-19.8250	
201849201340  	-6.2830	9.5160	29.4020	
201849201340  	-11.3460	-16.2870	-13.0540	
201849201340  	-19.9470	-11.4070	-6.1610	
201849201340  	10.6750	25.3760	20.6790	
201849201340  	25.4980	-13.5420	-16.5310	
201849201340  	-20.4350	-1.4640	-13.0540	
201849201340  	-5.3680	-10.9190	-10.3700	
201849201340  	-6.1000	-15.9820	-10.6750	
201849201340  	9.8820	19.4590	10.9190	
201849201340  	-27.2060	-7.0150	-10.9190	
201849201341  	6.5270	-13.6030	-20.4350	
201849201341  	21.4110	5.3070	26.4740	
201849201341  	-24.2780	-15.1890	-14.0910	
201849201341  	6.2830	-12.0170	-32.9400	
201849201341  	18.9100	11.9560	20.3130	
201849201341  	-3.4160	1.5860	-1.4640	
201849201341  	-3.5990	-14.5180	-26.5960	
201849201341  	17.6900	20.1300	27.2670	
201849201341  	-18.9710	-11.5900	-0.9760	
201849201341  	-2.9890	-10.7360	-19.0320	
201849201342  	-11.5290	0.6710	23.6680	
201849201342  	-19.2150	-19.7030	-1.9520	
201849201342  	-3.7820	0.0000	-2.3180	
201849201342  	16.2870	26.1690	20.7400	
201849201342  	-12.3830	-14.2740	-18.4830	
201849201342  	-13.2370	-8.2350	-3.5380	
201849201342  	16.4090	19.2150	21.5940	
201849201342  	2.1350	-21.0450	-23.0580	
201849201342  	-16.2870	-17.0190	-13.4200	
201849201342  	2.1350	2.1960	-0.8540	
201849201343  	-2.5010	-1.7690	-2.9890	
201849201343  	-1.0370	-1.7080	-4.2090	
201849201343  	-4.8800	-4.0260	-5.3680	
201849201343  	-3.0500	-5.2460	-2.4400	
201849201343  	-1.5860	-2.9890	-0.8540	
201849201343  	-5.1240	-4.4530	-3.7210	
201849201343  	-3.3550	-1.6470	-2.2570	
201849201343  	-4.7580	-5.1850	-5.3070	
201849201343  	-3.5990	-2.4400	-3.6600	
201849201343  	-4.4530	-2.4400	-4.3920	
201849201344  	-1.8910	-2.3180	-3.5990	
201849201344  	-2.9890	-2.4400	-4.5140	
201849201344  	-4.7580	-2.8060	-3.2330	
201849201344  	-4.0870	-3.1720	-1.7690	
201849201344  	-10.6750	-5.0630	2.6230	
201849201344  	-23.5460	18.3000	18.6050	
201849201344  	13.4200	53.6190	-7.7470	
201849201344  	51.0570	148.8400	-7.7470	
201849201344  	39.1010	155.1840	-9.2720	
201849201344  	47.0310	470.5540	80.2150	
201849201345  	75.3960	487.8170	82.6550	
201849201345  	27.9380	199.1040	-14.9450	
201849201345  	-0.4880	142.1910	-2.5010	
201849201345  	-26.1080	104.1270	-5.6730	
201849201345  	5.8560	69.3570	-11.5290	
201849201345  	13.5420	35.9900	-9.7600	
201849201345  	24.0950	-14.7010	-8.2960	
201849201345  	22.2650	-87.8400	4.7580	
201849201345  	19.8250	-31.4150	25.9860	
201849201345  	-29.8290	57.1570	-24.0950	
201849201346  	-28.2430	-11.2240	2.6840	
201849201346  	-6.5880	-34.3430	-12.0170	
201849201346  	-30.3170	103.0900	-15.0670	
201849201346  	-15.5550	-10.1260	8.2960	
201849201346  	31.7200	-61.5490	15.6770	
201849201346  	17.5680	-5.9170	-0.1220	
201849201346  	-16.8970	35.2580	-32.2080	
201849201346  	-33.1230	13.7250	-6.6490	
201849201346  	9.3940	4.7580	38.0640	
201849201346  	-5.7950	-10.6140	-23.2410	
201849201347  	-22.6920	15.2500	-10.0650	
201849201347  	-2.8060	-20.9230	-6.4660	
201849201347  	10.8580	-17.6900	7.5030	
201849201347  	-28.1820	8.7230	-30.0120	
201849201347  	-39.7110	32.0250	-4.3920	
201849201347  	17.1410	-9.0890	20.0080	
201849201347  	-0.7320	-0.7320	-63.1350	
201849201347  	-30.0730	-3.7820	-23.7900	
201849201347  	1.3420	-1.9520	19.0320	
201849201347  	11.8340	-30.6830	-5.0020	
201849201348  	-32.2690	8.9060	-21.0450	
201849201348  	8.4180	-5.6120	33.2450	
201849201348  	0.7930	-19.7640	-1.5860	
201849201348  	-24.0340	11.2240	-14.7620	
201849201348  	25.9860	-9.5160	52.1550	
201849201348  	19.6420	-21.5330	17.8120	
201849201348  	-17.3240	1.5250	-29.7070	
201849201348  	1.4640	6.4660	31.9030	
201849201348  	12.9930	-13.7860	7.3200	
201849201348  	-14.2130	7.6860	-45.2620	
201849201349  	-18.1170	3.0500	3.4160	
201849201349  	9.1500	-3.2940	6.4050	
201849201349  	-20.5570	18.4220	-46.9700	
201849201349  	-51.7890	23.2410	-15.1280	
201849201349  	18.7270	-29.4020	28.3040	
201849201349  	4.8800	-5.1240	-16.7750	
201849201349  	-28.4260	5.6730	-14.3350	
201849201349  	21.2280	-6.2830	13.2370	
201849201349  	7.3810	-30.7440	1.8300	
201849201349  	-24.6440	4.2090	-10.3090	
201849201350  	10.7360	-17.5680	23.9730	
201849201350  	-1.1590	-27.3280	-7.1370	
201849201350  	-17.6290	-0.9760	-25.1930	
201849201350  	10.0650	-13.6030	26.3520	
201849201350  	-1.8910	-12.6270	4.5140	
201849201350  	-23.7290	14.5180	-26.7180	
201849201350  	-5.2460	7.0150	27.0840	
201849201350  	29.0970	-25.6200	9.4550	
201849201350  	-15.9820	22.0820	-32.8790	
201849201350  	-9.2720	3.2330	11.4070	
201849201351  	11.1020	-10.6140	13.9080	
201849201351  	14.9450	-7.3200	-14.3350	
201849201351  	-33.7940	6.3440	-8.7230	
201849201351  	-4.2700	-4.8190	14.9450	
201849201351  	14.3960	-11.5900	-40.1380	
201849201351  	-41.7240	8.9060	-24.2170	
201849201351  	-2.8670	-10.9800	18.9100	
201849201351  	8.3570	-9.5160	-41.9680	
201849201351  	-33.7940	6.5270	-15.2500	
201849201351  	22.0210	-14.9450	46.6650	
201849201352  	-0.8540	-8.9060	-50.2030	
201849201352  	-31.7810	11.0410	-16.2260	
201849201352  	17.8730	-3.1720	48.7390	
201849201352  	-2.5010	-8.7230	-24.3390	
201849201352  	-33.0620	7.1980	-11.7730	
201849201352  	25.9250	-16.5920	32.8790	
201849201352  	-6.5270	-5.6730	-12.9930	
201849201352  	-8.5400	-6.1610	-13.6640	
201849201352  	8.1740	-0.6710	17.1410	
201849201352  	1.5860	1.5860	6.4050	
201849201353  	-6.4050	12.8710	-21.2280	
201849201353  	-10.3700	5.0020	-6.8320	
201849201353  	3.7210	-7.0760	1.8910	
201849201353  	-35.9290	-6.5880	-39.0400	
201849201353  	-27.0840	8.9670	-3.5380	
201849201353  	11.6510	-19.0930	21.0450	
201849201353  	32.2690	-18.4220	-18.7880	
201849201353  	-30.1950	5.3070	-15.5550	
201849201353  	12.8710	-9.8820	35.1970	
201849201353  	-11.2240	9.0280	-31.4760	
201849201354  	-27.5720	9.9430	-21.2280	
201849201354  	6.1610	-0.6100	40.1990	
201849201354  	3.9650	-8.6620	4.9410	
201849201354  	-13.2370	17.6900	-11.4070	
201849201354  	3.2330	-20.3740	33.6110	
201849201354  	2.0130	-4.6360	10.3700	
201849201354  	2.1960	-15.9210	-21.0450	
201849201354  	-29.5850	5.7950	3.5380	
201849201354  	-1.2810	-0.2440	14.3350	
201849201354  	8.1130	-13.4810	-35.3800	
201849201355  	-35.8680	23.9120	-1.5860	
201849201355  	7.9910	-3.1110	22.0210	
201849201355  	41.4190	-37.2710	-13.8470	
201849201355  	-38.4910	6.4660	-19.5200	
201849201355  	37.2100	-30.5000	27.6330	
201849201355  	5.5510	-68.2590	-17.6900	
201849201355  	-28.9140	14.3960	-18.9100	
201849201355  	24.1560	-7.6250	26.2300	
201849201355  	-10.9190	-2.2570	-14.3350	
201849201355  	-14.7010	3.9040	-20.6180	
201849201356  	-1.0370	3.2940	23.9120	
201849201356  	10.3700	-16.6530	10.9190	
201849201356  	-22.0820	18.4220	-56.7300	
201849201356  	-22.8750	4.4530	3.4770	
201849201356  	18.8490	-14.0300	13.9690	
201849201356  	18.5440	-1.2200	-23.8510	
201849201356  	-24.8880	12.6270	-3.1720	
201849201356  	3.6600	-10.4920	32.1470	
201849201356  	3.5990	-10.8580	-8.9060	
201849201356  	-31.1100	2.6230	-16.3480	
201849201357  	-10.7360	-8.7230	22.9970	
201849201357  	9.0280	-6.4660	-1.2810	
201849201357  	-6.5880	-5.1240	-2.3790	
201849201357  	-3.7820	-2.3790	-0.6100	
201849201357  	-1.7080	-4.3920	-0.2440	
201849201357  	-4.7580	-5.9780	-1.5860	
201849201357  	-5.1240	-7.3810	-2.1960	
201849201357  	-0.0610	-5.2460	0.7930	
201849201357  	-2.3790	-5.9780	1.1590	
201849201357  	-2.9280	-4.1480	-1.5860	
201849201358  	-3.2940	-2.0740	-0.9150	
201849201358  	-2.6230	-3.2940	-2.5620	
201849201358  	-1.7080	-4.2090	-1.5860	
201849201358  	-4.2700	-3.6600	-0.7930	
201849201358  	-1.8910	-3.4160	-0.9760	
201849201358  	-4.8190	0.1830	-2.4400	
201849201358  	-2.4400	-2.3180	0.7320	
201849201358  	-0.4270	-5.1240	-0.3050	
201849201358  	-2.1350	-1.8910	0.6100	
201849201358  	-3.4770	-2.3790	-1.2200	
201849201359  	-2.9280	-4.4530	-0.6710	
201849201359  	-2.6840	-5.9780	-0.4270	
201849201359  	-3.7210	-0.9150	-3.1720	
201849201359  	-4.2700	-4.5140	-1.0370	
201849201359  	-4.4530	-4.2700	-0.2440	
201849201359  	-3.2330	-3.9650	-2.0130	
201849201359  	-4.1480	-1.8910	-1.9520	
201849201359  	-1.7690	-5.3070	-0.7930	
201849201359  	-2.7450	-3.7820	-0.9760	
201849201359  	-2.9280	-3.6600	-0.9760	
20184920140  	-3.9650	-3.8430	-3.4770	
20184920140  	-2.6230	-9.3330	-4.3920	
20184920140  	-3.8430	-16.7750	-8.7840	
20184920140  	-11.2850	-59.4750	11.5290	
20184920140  	23.6680	-150.7310	50.9960	
20184920140  	18.6660	-232.4710	20.7400	
20184920140  	-31.0490	-235.8260	10.9800	
20184920140  	22.0820	-491.5380	-37.3930	
20184920140  	10.7360	-76.0670	-2.0130	
20184920140  	10.2480	-112.0570	-18.8490	
20184920141  	-4.1480	-37.3930	4.6360	
20184920141  	-16.1040	-172.9350	-14.3960	
20184920141  	2.1960	-132.0650	-21.2280	
20184920141  	-18.7880	-196.2980	7.3810	
20184920141  	-39.5280	4.2090	-0.1220	
20184920141  	6.2220	-0.3660	17.2020	
20184920141  	10.1260	-51.4840	-63.3180	
20184920141  	6.6490	-50.8740	-61.4880	
20184920141  	0.7930	-29.5240	-11.4680	
20184920141  	-42.2730	22.6920	4.2090	
20184920142  	16.6530	1.1590	-19.1540	
20184920142  	-8.1740	-1.2200	9.4550	
20184920142  	2.1960	24.7660	41.9070	
20184920142  	2.3790	16.1040	-20.1910	
20184920142  	7.3810	2.1960	-28.8530	
20184920142  	23.9120	41.6630	35.3190	
20184920142  	6.0390	5.0020	11.4070	
20184920142  	50.4470	11.8340	-14.4570	
20184920142  	6.5880	42.5780	30.8050	
20184920142  	16.9580	19.7640	26.1690	
20184920143  	26.6570	34.2210	-0.0610	
20184920143  	-35.3190	-0.3050	23.7900	
20184920143  	2.1960	12.1390	27.4500	
20184920143  	16.0430	-20.0690	-60.0850	
20184920143  	-12.8710	8.8450	25.5590	
20184920143  	-10.4920	10.1870	19.3370	
20184920143  	3.5990	-2.4400	-42.5170	
20184920143  	-16.7750	-1.2200	11.8950	
20184920143  	-12.9320	-4.5140	3.2940	
20184920143  	-3.5990	-22.8140	-59.7190	
20184920144  	-45.3840	-52.3380	-17.6900	
20184920144  	-12.7490	-16.8360	10.9190	
20184920144  	39.8330	16.7750	-16.2260	
20184920144  	-40.1380	-36.7830	-26.0470	
20184920144  	-8.9060	-11.8340	9.6380	
20184920144  	42.8220	20.6180	-30.0120	
20184920144  	-30.2560	-22.8140	-2.1350	
20184920144  	-14.6400	-5.6730	9.1500	
20184920144  	41.8460	15.9820	-15.0060	
20184920144  	-34.0380	-34.3430	-33.8550	
20184920145  	-11.9560	-5.1850	27.8160	
20184920145  	6.6490	6.5270	-31.8420	
20184920145  	-20.6790	-25.4370	-37.7590	
20184920145  	-22.0210	-2.1350	14.0300	
20184920145  	3.5380	-4.2700	-20.9840	
20184920145  	-13.1150	-11.2240	-34.1600	
20184920145  	-7.0150	10.6140	50.4470	
20184920145  	5.4900	17.0190	-2.6230	
20184920145  	3.6600	-8.1130	-22.6310	
20184920145  	2.9280	15.1280	37.6980	
20184920146  	3.5990	11.4070	6.4660	
20184920146  	20.9840	5.2460	-23.4240	
20184920146  	-19.8250	12.8710	32.1470	
20184920146  	3.8430	0.3050	20.0690	
20184920146  	40.8090	0.6710	-44.3470	
20184920146  	-24.6440	-22.3260	-1.1590	
20184920146  	-5.3070	25.6200	41.6020	
20184920146  	4.7580	-3.0500	-31.9030	
20184920146  	-12.2610	-22.5700	-35.4410	
20184920146  	-8.7230	3.2330	56.3030	
20184920147  	-5.0630	11.3460	16.1650	
20184920147  	12.1390	-15.4330	-29.1580	
20184920147  	5.8560	22.6920	52.3380	
20184920147  	-3.7210	19.5200	31.7810	
20184920147  	11.2240	-20.0690	-37.3930	
20184920147  	-5.8560	3.4770	9.2720	
20184920147  	-5.4900	11.8950	4.6360	
20184920147  	2.0740	-17.5680	-33.6720	
20184920147  	-13.1760	-8.7230	12.6270	
20184920147  	-1.7690	15.1280	13.4810	
20184920148  	4.5140	-14.5790	-29.0970	
20184920148  	-13.4200	1.6470	16.7140	
20184920148  	-3.1720	15.7990	5.4290	
20184920148  	1.6470	-11.1630	-31.2320	
20184920148  	-15.9820	-0.0610	9.5160	
20184920148  	3.7210	12.5050	2.8060	
20184920148  	13.3590	-15.7990	-42.6390	
20184920148  	-19.7030	-37.6980	-16.8360	
20184920148  	4.7580	23.3630	12.9930	
20184920148  	4.0260	-13.1760	-13.1150	
20184920149  	-5.3070	-3.4770	-2.3180	
20184920149  	0.0000	8.0520	-8.7230	
20184920149  	6.7100	10.0650	-3.4770	
20184920149  	-4.3920	-24.9490	-9.1500	
20184920149  	10.7970	20.3740	0.4880	
20184920149  	5.2460	10.6750	8.2350	
20184920149  	-12.3830	-17.0800	-18.9100	
20184920149  	-17.0190	-4.4530	-11.2240	
20184920149  	9.8210	-14.7620	-21.5940	
20184920149  	-21.0450	-15.0670	-0.4880	
201849201410  	-13.5420	-3.1720	3.6600	
201849201410  	21.1060	-7.3810	-3.0500	
201849201410  	-28.4870	-18.4830	4.7580	
201849201410  	-4.8190	6.9540	16.5920	
201849201410  	16.1040	2.2570	-14.8230	
201849201410  	-20.8010	-8.3570	0.7320	
201849201410  	-6.2220	-6.9540	1.4640	
201849201410  	27.8770	-3.4160	-13.1760	
201849201410  	-17.3240	-12.3220	-4.4530	
201849201410  	0.9760	15.4940	37.7590	
201849201411  	21.1670	-11.8340	-21.7770	
201849201411  	-26.5350	-13.9690	2.2570	
201849201411  	-1.2200	28.3650	52.1550	
201849201411  	15.0670	12.5050	-11.4070	
201849201411  	-21.9600	-30.5000	-15.3110	
201849201411  	-8.7840	25.2540	58.9870	
201849201411  	15.3720	-1.6470	-17.5070	
201849201411  	-6.2830	-7.0150	2.3180	
201849201411  	-18.7880	13.1150	48.6170	
201849201411  	8.7840	1.5250	-12.4440	
201849201412  	-4.0870	-17.0800	-17.4460	
201849201412  	-6.8930	-3.4160	30.7440	
201849201412  	-2.4400	-9.7600	-9.8820	
201849201412  	-4.0260	-20.8620	-30.3170	
201849201412  	8.9670	-8.1130	-13.7860	
201849201412  	-18.4830	3.9040	-9.6380	
201849201412  	10.4310	-20.3130	-31.1710	
201849201412  	-4.5140	28.3650	56.9740	
201849201412  	-5.1240	21.2280	9.9430	
201849201412  	12.0780	-2.5010	-33.3670	
201849201413  	-24.0950	-1.2200	19.5810	
201849201413  	-8.9670	5.3070	10.3090	
201849201413  	16.3480	-13.8470	-36.8440	
201849201413  	-8.3570	-8.6620	-8.9670	
201849201413  	0.6100	-2.4400	0.9150	
201849201413  	-4.6360	-3.1110	-10.2480	
201849201413  	-0.4270	-1.6470	-1.4030	
201849201413  	-4.8800	-2.9280	-4.3310	
201849201413  	-3.5380	0.2440	-2.8670	
201849201413  	-1.5860	3.4160	0.6100	
201849201414  	-1.8300	-2.0130	-1.4030	
201849201414  	-1.4640	0.5490	-1.0980	
201849201414  	-3.2940	-1.8910	-2.8670	
201849201414  	-1.8910	-4.8800	-1.3420	
201849201414  	-2.1960	-0.6710	-3.7820	
201849201414  	-3.0500	-3.5380	-3.3550	
201849201414  	-1.0980	9.3330	1.7690	
201849201414  	4.6970	54.7780	10.9190	
201849201414  	16.7140	142.1300	26.7790	
201849201414  	31.1710	474.7630	64.9040	
201849201415  	16.8360	252.9060	-28.5480	
201849201415  	22.6310	136.5790	19.6420	
201849201415  	-0.6710	238.6320	15.5550	
201849201415  	-20.4960	176.7780	3.5990	
201849201415  	5.3070	171.1660	39.7110	
201849201415  	19.8250	55.1440	11.1020	
201849201415  	9.1500	39.9550	-1.7690	
201849201415  	13.9080	-88.0230	-34.9530	
201849201415  	19.8860	-69.8450	23.6070	
201849201415  	-52.8260	65.8190	6.1000	
201849201416  	22.6920	11.2240	-11.4680	
201849201416  	46.3600	43.3100	53.3750	
201849201416  	-13.3590	14.7620	-15.3720	
201849201416  	-43.4320	64.0500	-29.3410	
201849201416  	23.3630	62.1590	6.5880	
201849201416  	8.9670	-18.2390	26.4740	
201849201416  	-32.3910	-10.1260	-32.3300	
201849201416  	3.8430	1.6470	8.5400	
201849201416  	9.3330	-13.5420	20.3130	
201849201416  	-3.6600	-31.1710	-46.7870	
201849201417  	-7.0760	3.7820	-8.5400	
201849201417  	4.5140	-25.8640	12.3220	
201849201417  	11.1020	-58.8650	10.0650	
201849201417  	-38.6740	-12.7490	-42.8220	
201849201417  	3.2330	-7.8080	-9.8210	
201849201417  	16.6530	-16.3480	5.7950	
201849201417  	-33.5500	-39.2230	-0.7930	
201849201417  	-10.0650	12.9320	-12.9320	
201849201417  	2.0740	4.5750	14.3350	
201849201417  	1.3420	-37.7590	-7.5640	
201849201418  	-22.4480	11.9560	-21.4110	
201849201418  	11.2240	-7.7470	10.1870	
201849201418  	-14.7620	-21.1670	0.4270	
201849201418  	-19.3370	22.5700	-21.1060	
201849201418  	15.8600	48.9220	4.2090	
201849201418  	10.6140	-10.0650	11.5290	
201849201418  	-18.3610	18.6050	-16.3480	
201849201418  	7.1370	19.0320	4.7580	
201849201418  	20.4350	-45.5670	27.3890	
201849201418  	-2.0740	-57.0350	-14.3960	
201849201419  	-9.0890	-20.4350	-20.9230	
201849201419  	9.5770	-22.6310	5.2460	
201849201419  	23.9730	-37.8810	-6.1610	
201849201419  	-5.7950	8.1740	-17.0190	
201849201419  	6.7100	2.2570	3.4770	
201849201419  	7.5640	-51.3010	-5.4290	
201849201419  	-15.1280	12.8100	-15.1280	
201849201419  	-0.8540	0.6100	3.5380	
201849201419  	5.1850	1.1590	6.3440	
201849201419  	-18.8490	14.9450	-10.5530	
201849201420  	7.6860	4.9410	18.4830	
201849201420  	-14.1520	11.2850	-18.3000	
201849201420  	-10.4920	15.2500	-13.8470	
201849201420  	20.9230	-11.8340	10.5530	
201849201420  	-2.1960	-30.3780	-10.5530	
201849201420  	-19.8860	14.9450	-22.5700	
201849201420  	33.4890	-2.8670	31.0490	
201849201420  	-13.6030	9.8210	23.3020	
201849201420  	-14.4570	8.2960	-13.6030	
201849201420  	9.6990	10.9800	3.4160	
201849201421  	-8.7230	-27.2670	-2.8670	
201849201421  	-7.2590	2.5010	-24.2170	
201849201421  	27.0230	-8.1130	3.3550	
201849201421  	-3.9040	-28.9140	-0.4880	
201849201421  	-8.0520	-21.7160	-10.2480	
201849201421  	28.3650	-23.3630	16.9580	
201849201421  	-7.1370	-19.8860	-12.4440	
201849201421  	-13.8470	0.8540	-23.9120	
201849201421  	11.9560	-1.2810	11.0410	
201849201421  	3.0500	-30.6220	-14.2130	
201849201422  	-18.7270	5.2460	-15.9820	
201849201422  	7.1980	3.0500	12.5660	
201849201422  	-0.7930	-26.1690	-8.4180	
201849201422  	-17.8730	14.0300	-24.7050	
201849201422  	-5.9170	21.8990	12.8710	
201849201422  	-4.6970	-10.6140	0.3050	
201849201422  	-11.6510	3.7210	-10.0650	
201849201422  	9.6380	12.8100	32.5130	
201849201422  	-1.5860	-15.7990	3.4160	
201849201422  	-9.0890	0.0000	-11.2850	
201849201423  	16.8970	6.5270	22.6920	
201849201423  	11.1630	-17.2020	2.6230	
201849201423  	-17.8730	10.6750	-22.1430	
201849201423  	15.4330	22.9360	18.2390	
201849201423  	0.4270	-4.6970	8.7840	
201849201423  	-13.6030	30.3780	-23.6070	
201849201423  	-4.6360	1.7690	13.0540	
201849201423  	-7.5640	17.6900	12.8100	
201849201423  	-6.3440	-27.2670	-17.4460	
201849201423  	-23.7290	25.4980	-12.5660	
201849201424  	-2.1350	-0.3660	13.1150	
201849201424  	12.6270	-36.4780	-15.3720	
201849201424  	-22.5090	13.2370	-15.3720	
201849201424  	20.9840	-12.3830	30.2560	
201849201424  	-8.4180	-17.0190	-21.5940	
201849201424  	-1.2810	-0.6100	-10.3700	
201849201424  	15.2500	-27.5110	9.6380	
201849201424  	10.3090	-29.9510	5.4900	
201849201424  	-26.3520	5.4290	-13.4200	
201849201424  	15.6160	2.8060	-14.1520	
201849201425  	4.3310	-18.9100	-6.4660	
201849201425  	-22.5700	1.7080	-39.3450	
201849201425  	1.7690	2.1350	21.6550	
201849201425  	45.3840	-20.4960	10.2480	
201849201425  	-37.3320	-9.6990	-14.3960	
201849201425  	-15.4330	-4.6970	-5.2460	
201849201425  	24.1560	-9.8210	-0.6100	
201849201425  	-9.3940	-17.1410	-22.2650	
201849201425  	-19.9470	12.4440	-20.6180	
201849201425  	18.3610	0.7320	25.3150	
201849201426  	0.7930	-7.5030	-21.1670	
201849201426  	-17.7510	6.7710	-5.6120	
201849201426  	11.6510	-9.2720	20.1910	
201849201426  	-2.1350	-4.1480	-6.1000	
201849201426  	-4.7580	2.2570	-11.7120	
201849201426  	-6.2830	-4.3920	10.2480	
201849201426  	-3.5990	-0.3660	1.8910	
201849201426  	-17.1410	-15.1890	-14.3960	
201849201426  	-12.6880	15.4940	-8.9060	
201849201426  	9.3940	0.0000	10.3090	
201849201427  	15.7380	-21.8380	-12.2000	
201849201427  	-23.6070	20.8010	-10.1870	
201849201427  	7.8690	-4.0870	11.5290	
201849201427  	7.3200	-19.0930	11.5900	
201849201427  	-5.4900	32.0250	6.6490	
201849201427  	7.2590	4.5750	20.8010	
201849201427  	10.1260	-32.7570	10.7360	
201849201427  	-5.6730	5.1240	-5.6730	
201849201427  	-0.5490	2.4400	12.4440	
201849201427  	6.6490	-38.3690	-15.9820	
201849201428  	-14.5180	8.9670	-5.7950	
201849201428  	24.9490	-20.1300	9.8210	
201849201428  	1.6470	-12.0170	-7.9300	
201849201428  	-20.8620	6.2220	-7.1370	
201849201428  	27.5110	-12.0780	16.6530	
201849201428  	-0.4270	-12.4440	-3.5380	
201849201428  	-17.6900	7.1370	-13.7250	
201849201428  	-12.6270	0.9150	9.8820	
201849201428  	-12.2610	1.1590	-1.3420	
201849201428  	-3.2330	-6.1000	-3.9040	
201849201429  	-5.9780	-5.9170	-0.5490	
201849201429  	-0.6710	-12.2000	-2.2570	
201849201429  	-3.4160	-12.3830	-7.0150	
201849201429  	-3.1720	-2.4400	-1.8910	
201849201429  	-1.7080	-2.4400	-1.1590	
201849201429  	-4.2700	-1.8300	-3.6600	
201849201429  	-4.5140	0.9150	-0.8540	
201849201429  	-3.2330	-2.6840	-0.8540	
201849201429  	-4.9410	-8.2350	-2.3790	
201849201429  	-4.0870	-6.2220	-3.3550	
201849201430  	-10.3700	-14.1520	-8.4180	
201849201430  	-25.9250	-70.2110	-24.5830	
201849201430  	-38.7960	-73.9930	-38.3080	
201849201430  	-62.1590	-228.4450	-68.0760	
201849201430  	-56.7300	-217.4040	-69.6010	
201849201430  	-42.8830	-273.4020	-48.4340	
201849201430  	-23.0580	-135.1760	-27.8770	
201849201430  	-82.1670	-425.2310	-4.3920	
201849201430  	-51.2400	-236.3140	-0.9760	
201849201430  	-22.9970	-142.7400	1.4030	
201849201431  	31.3540	-162.8700	-11.6510	
201849201431  	27.0230	-105.5910	-1.2200	
201849201431  	8.3570	-66.0020	-17.2630	
201849201431  	-14.7620	-49.7760	-18.3610	
201849201431  	-15.6770	9.2110	34.8920	
201849201431  	29.7070	53.0700	4.3920	
201849201431  	2.7450	15.3720	-49.2270	
201849201431  	-18.7880	-90.9510	-40.3820	
201849201431  	-27.2060	-105.8350	-4.9410	
201849201431  	-15.3720	-75.8230	-2.3180	
201849201432  	3.1110	-5.6730	-28.4260	
201849201432  	-34.2210	21.9600	-32.0860	
201849201432  	-18.9100	-16.5920	-8.6620	
201849201432  	4.3920	26.8400	3.3550	
201849201432  	-17.2630	17.7510	-7.5030	
201849201432  	-1.7690	19.9470	0.6710	
201849201432  	-20.4350	-25.1930	9.3940	
201849201432  	1.5250	3.9650	-19.4590	
201849201432  	8.7230	31.7200	-30.0730	
201849201432  	-3.7210	-1.2810	-7.8080	
201849201433  	4.8190	-33.8550	-15.7990	
201849201433  	-19.3370	20.0080	-23.6070	
201849201433  	-13.9080	14.6400	13.1760	
201849201433  	-13.2370	-12.8100	-4.7580	
201849201433  	2.3180	5.3070	-11.9560	
201849201433  	5.3680	7.3200	-12.5660	
201849201433  	1.2200	-7.5640	28.6090	
201849201433  	10.9190	-10.0650	-21.6550	
201849201433  	5.0630	16.0430	5.3680	
201849201433  	0.3050	-10.0040	9.8820	
201849201434  	17.2630	-16.6530	-15.2500	
201849201434  	-5.9170	24.5220	-10.2480	
201849201434  	-7.7470	-6.4050	23.8510	
201849201434  	21.5330	-22.4480	27.1450	
201849201434  	-36.1120	-6.3440	-7.0150	
201849201434  	-62.4640	57.8280	-71.7970	
201849201434  	8.2960	-20.0080	21.8380	
201849201434  	21.5940	-0.7320	-12.6880	
201849201434  	12.3830	31.8420	15.0060	
201849201434  	-13.3590	-5.7950	7.1370	
201849201435  	12.7490	-14.9450	-6.5880	
201849201435  	-34.5870	34.4040	-59.5360	
201849201435  	-19.3370	-4.0260	20.4350	
201849201435  	28.7310	-11.5900	-9.5770	
201849201435  	-26.2910	-16.0430	-10.5530	
201849201435  	4.3920	10.3700	10.5530	
201849201435  	12.5050	4.4530	39.5280	
201849201435  	-5.7340	0.9760	-17.6900	
201849201435  	2.6840	30.4390	11.2850	
201849201435  	-12.0170	3.7210	2.2570	
201849201436  	-1.5250	-5.7340	-44.7130	
201849201436  	-18.6660	3.7820	15.5550	
201849201436  	-13.1760	-26.5960	20.9230	
201849201436  	18.6660	-11.8950	-9.4550	
201849201436  	-26.6570	-14.8230	11.0410	
201849201436  	-9.2720	-12.8710	10.9190	
201849201436  	-2.9280	-6.9540	-22.3870	
201849201436  	-20.1910	-7.5030	-10.6750	
201849201436  	-14.4570	6.5880	-3.8430	
201849201436  	4.2700	-0.4880	-15.5550	
201849201437  	1.1590	16.6530	3.7210	
201849201437  	21.5940	19.1540	5.4290	
201849201437  	-5.6120	-8.9060	-35.0750	
201849201437  	4.8190	-9.0280	46.1160	
201849201437  	-2.1350	-40.2600	-6.8930	
201849201437  	10.6750	7.0150	-3.1110	
201849201437  	15.4330	22.6920	7.5030	
201849201437  	3.3550	-6.9540	38.1250	
201849201437  	6.9540	-20.4960	-21.3500	
201849201437  	-14.5790	-7.2590	-4.7580	
201849201438  	8.8450	1.5250	8.4790	
201849201438  	-10.3700	-25.6200	-34.6480	
201849201438  	-14.3960	-12.0170	1.8300	
201849201438  	0.3050	12.4440	15.3720	
201849201438  	-10.7360	-7.5030	-51.3620	
201849201438  	-14.3960	-1.6470	-39.4060	
201849201438  	13.7860	13.9080	44.5300	
201849201438  	-6.2220	-20.1910	16.8360	
201849201438  	18.6660	9.7600	11.1630	
201849201438  	19.3370	16.4090	12.1390	
201849201439  	23.3020	12.9930	32.0250	
201849201439  	0.4880	-16.5310	-5.0630	
201849201439  	-0.4880	9.7600	-13.3590	
201849201439  	4.2090	-5.7950	21.9600	
201849201439  	-0.6100	-43.9810	-3.8430	
201849201439  	-14.7620	-5.6120	-7.2590	
201849201439  	10.9190	5.4900	14.3350	
201849201439  	14.7620	-6.0390	-17.3240	
201849201439  	-17.4460	7.6860	-20.3740	
201849201439  	4.3310	7.1370	19.2150	
201849201440  	-7.2590	-22.9360	-18.6660	
201849201440  	-21.1060	-7.6250	-21.5330	
201849201440  	-0.2440	6.0390	21.7770	
201849201440  	-3.8430	-26.1690	-16.1040	
201849201440  	-22.7530	-15.0060	-27.1450	
201849201440  	-1.5250	-5.1850	15.0670	
201849201440  	-0.0610	9.1500	-27.3890	
201849201440  	-17.8730	23.1800	-20.9230	
201849201440  	4.2090	6.4050	0.3050	
201849201440  	-9.2110	-19.5810	1.3420	
201849201441  	-15.9210	-12.5660	-21.7160	
201849201441  	-12.3220	0.3660	11.1630	
201849201441  	-4.8800	-33.3670	6.7100	
201849201441  	-12.9320	-6.3440	-10.0650	
201849201441  	-15.6160	1.2810	7.0150	
201849201441  	5.1850	-15.8600	-17.0800	
201849201441  	-18.8490	-8.9670	-25.1320	
201849201441  	11.2240	21.6550	9.9430	
201849201441  	-0.3660	-19.3980	1.2810	
201849201441  	-1.5860	-8.0520	-15.0060	
201849201442  	-16.2260	-12.9930	6.5270	
201849201442  	10.9800	-22.3260	10.3700	
201849201442  	-11.3460	-7.8690	-32.2690	
201849201442  	-8.5400	12.3830	1.2810	
201849201442  	14.7620	30.6220	-17.4460	
201849201442  	-5.0020	0.1830	-19.1540	
201849201442  	2.9280	18.3610	-9.1500	
201849201442  	-9.4550	-43.4930	6.7100	
201849201442  	0.7930	-11.4680	-8.0520	
201849201442  	-2.3790	0.1220	6.6490	
201849201443  	-2.6230	-0.4880	0.1830	
201849201443  	-3.9040	-3.1720	-4.5140	
201849201443  	-4.2700	-4.7580	-0.7930	
201849201443  	-4.6360	-7.6250	-4.0260	
201849201443  	-4.3920	-6.2830	-2.5010	
201849201443  	-4.1480	-7.5030	-3.1110	
201849201443  	-12.6270	-26.7180	-7.2590	
201849201443  	-86.0100	-111.9350	44.9570	
201849201443  	7.7470	-203.8620	20.8010	
201849201443  	1.4030	-182.8780	19.2760	
201849201444  	3.9650	-167.3840	2.8060	
201849201444  	29.3410	-172.1420	-35.5020	
201849201444  	1.7080	-185.8060	-56.8520	
201849201444  	-47.5190	-227.4690	-17.6290	
201849201444  	-42.3340	-174.8260	-38.7350	
201849201444  	27.2060	32.6960	16.8360	
201849201444  	13.1150	60.6340	-11.1020	
201849201444  	2.0740	79.5440	-42.2730	
201849201444  	-95.5870	40.6260	4.4530	
201849201444  	202.5810	-86.0100	-28.9140	
201849201445  	10.0650	26.2910	38.0640	
201849201445  	-16.0430	35.6240	14.3960	
201849201445  	-15.3720	46.4210	-32.0860	
201849201445  	-7.3200	62.5860	24.4610	
201849201445  	17.6290	3.7210	-4.2090	
201849201445  	-37.5150	-13.9080	-15.3110	
201849201445  	-19.5810	30.8660	15.0670	
201849201445  	1.9520	27.8770	-24.5220	
201849201445  	-27.1450	-24.4000	4.5750	
201849201445  	-10.0650	21.2890	20.0690	
201849201446  	28.4260	-4.6360	6.4050	
201849201446  	-20.8620	-10.5530	-29.2190	
201849201446  	-14.7010	16.5920	-5.3070	
201849201446  	36.6000	7.1980	-3.6600	
201849201446  	-26.7180	-10.1870	-31.0490	
201849201446  	7.0150	-15.7380	40.9310	
201849201446  	41.7850	-3.6600	50.0810	
201849201446  	-3.4770	-2.2570	-33.0620	
201849201446  	-25.4980	21.7770	-11.3460	
201849201446  	14.3960	10.7360	23.7290	
201849201447  	-0.2440	3.3550	-18.0560	
201849201447  	-40.6870	-22.6310	-14.3350	
201849201447  	-4.9410	6.2220	-12.1390	
201849201447  	12.0780	-1.7080	-30.6830	
201849201447  	-28.7310	8.7230	-9.8210	
201849201447  	1.4030	6.7710	12.8100	
201849201447  	18.2390	-16.8360	-42.6390	
201849201447  	-27.5720	-20.5570	-9.9430	
201849201447  	1.4030	11.5290	0.9760	
201849201447  	6.1000	-19.3980	-25.6810	
201849201448  	-23.7900	-0.4270	2.9890	
201849201448  	8.8450	-22.5700	-2.9280	
201849201448  	-7.7470	-9.3940	-12.9320	
201849201448  	-20.8010	16.4090	-5.2460	
201849201448  	13.1150	-5.9780	65.8190	
201849201448  	-8.2350	-22.7530	-15.1890	
201849201448  	-22.0820	1.2810	0.4880	
201849201448  	24.5220	-14.8230	-2.4400	
201849201448  	-20.1300	-10.0650	-19.3370	
201849201448  	-6.7710	1.0370	25.8030	
201849201449  	19.8250	-23.8510	-14.7620	
201849201449  	-26.6570	0.9760	9.9430	
201849201449  	-2.9890	-6.7710	35.2580	
201849201449  	18.2390	-15.3720	-5.7950	
201849201449  	-20.8010	0.7930	-23.7290	
201849201449  	3.8430	-13.4200	13.6640	
201849201449  	22.0820	-0.6100	-10.1260	
201849201449  	-6.7100	-14.1520	-13.6640	
201849201449  	6.2830	-7.3200	17.9340	
201849201449  	15.9210	-9.6380	-2.8670	
201849201450  	-25.1930	-10.0040	-12.8710	
201849201450  	-4.0870	-0.1220	0.6100	
201849201450  	20.8010	-24.7050	-1.7080	
201849201450  	-23.1190	-8.0520	-10.4310	
201849201450  	-16.6530	7.5640	10.2480	
201849201450  	5.1240	-7.8690	-3.5990	
201849201450  	8.7840	46.9700	-112.9720	
201849201450  	-15.5550	7.9910	-3.8430	
201849201450  	14.2740	-2.0130	-18.6050	
201849201450  	-14.5790	-0.7930	-27.0840	
201849201451  	-12.5660	1.9520	-13.5420	
201849201451  	17.3850	-28.6700	4.2700	
201849201451  	-21.2890	17.6900	-25.3150	
201849201451  	-14.8230	25.2540	-5.0630	
201849201451  	-21.4720	43.1880	33.3060	
201849201451  	-27.6940	-32.5740	-19.5810	
201849201451  	-15.3720	10.8580	-19.4590	
201849201451  	2.4400	17.6900	44.8350	
201849201451  	4.1480	-18.5440	-31.0490	
201849201451  	-24.0340	20.6790	-13.3590	
201849201452  	6.8320	-14.4570	19.2760	
201849201452  	19.3980	-35.1360	-29.2190	
201849201452  	-15.6770	-5.1850	-6.0390	
201849201452  	6.0390	-35.2580	9.2720	
201849201452  	-3.4160	2.9280	-19.2760	
201849201452  	-10.9190	-1.2810	-5.7950	
201849201452  	12.3220	-1.4030	31.7200	
201849201452  	-8.8450	-13.0540	-17.5680	
201849201452  	-7.3810	-7.3200	7.3810	
201849201452  	11.8950	-23.5460	-12.8710	
201849201453  	-3.4770	-12.2000	-25.0710	
201849201453  	-21.5940	3.9650	24.4610	
201849201453  	13.6640	-7.3200	-10.3090	
201849201453  	-16.2260	1.4030	-26.9010	
201849201453  	-10.9800	2.5010	10.1260	
201849201453  	-3.9040	-0.7320	3.1110	
201849201453  	-5.9780	-10.6140	-5.6120	
201849201453  	-3.4160	-7.3810	-5.1240	
201849201453  	-3.5380	-5.9780	-4.6360	
201849201453  	-4.8800	-2.5620	-6.4050	
201849201454  	-2.1350	-3.8430	-1.4640	
201849201454  	-6.2220	0.3050	-3.0500	
201849201454  	-2.0740	-3.5990	-2.5620	
201849201454  	-3.8430	-6.1000	-2.3790	
201849201454  	-1.4030	-3.6600	0.4270	
201849201454  	-4.1480	-5.3680	-1.5860	
201849201454  	-2.1350	-26.8400	-2.4400	
201849201454  	2.8060	-66.1240	-7.6860	
201849201454  	9.5160	-59.2310	7.8690	
201849201454  	13.3590	-97.7220	18.5440	
201849201455  	48.9830	-91.9270	56.5470	
201849201455  	0.5490	-193.6750	-43.4930	
201849201455  	2.3180	-372.3440	-33.7330	
201849201455  	16.4700	-160.9790	-0.7930	
201849201455  	38.4300	-135.9080	-15.3720	
201849201455  	-18.4220	-335.1950	-15.0670	
201849201455  	21.3500	-125.3550	-2.3180	
201849201455  	-26.8400	-60.6950	-35.5020	
201849201455  	57.8890	25.6200	8.7230	
201849201455  	29.8900	21.9600	-33.0620	
201849201456  	15.2500	-15.7990	-55.3270	
201849201456  	-5.7340	-2.5620	-7.5640	
201849201456  	-20.8620	16.5310	-9.2720	
201849201456  	0.3050	22.0210	37.8200	
201849201456  	-11.7730	-34.5260	-15.9820	
201849201456  	-4.6360	47.3970	36.6610	
201849201456  	-2.0740	-11.5290	-1.9520	
201849201456  	-33.2450	-45.1400	-21.4720	
201849201456  	2.3790	20.5570	11.2850	
201849201456  	4.2700	-11.8340	-57.2790	
201849201457  	5.6120	-38.6740	20.8620	
201849201457  	14.9450	35.0140	22.1430	
201849201457  	-6.9540	-18.4220	-18.2390	
201849201457  	-3.1110	-4.5750	-7.6250	
201849201457  	-11.8340	-44.7740	-45.7500	
201849201457  	17.7510	37.7590	-20.4350	
201849201457  	-12.7490	-5.2460	-4.0260	
201849201457  	-24.6440	-3.4160	38.4300	
201849201457  	8.1740	0.4880	-94.6720	
201849201457  	-10.3090	-31.0490	-24.2780	
201849201458  	3.9650	10.3090	40.9920	
201849201458  	-4.9410	7.8690	0.7930	
201849201458  	-6.1610	-19.3370	-7.6250	
201849201458  	-0.1220	6.2830	16.6530	
201849201458  	3.7210	4.6970	9.0890	
201849201458  	3.1110	11.2850	8.2350	
201849201458  	-21.1060	-30.8660	-27.0840	
201849201458  	-4.5750	-3.4160	3.5990	
201849201458  	-2.3180	7.4420	-6.2220	
201849201458  	6.8320	7.3810	7.9300	
201849201459  	-9.8820	-20.5570	-8.3570	
201849201459  	5.3680	13.7860	12.0780	
201849201459  	-2.4400	-5.2460	-11.1020	
201849201459  	-16.1040	-13.0540	-1.0370	
201849201459  	0.4880	1.8910	0.1220	
201849201459  	8.4790	27.5110	27.3280	
201849201459  	-16.7750	-25.2540	-3.2940	
201849201459  	-32.5740	-40.9920	3.4160	
201849201459  	-25.4980	23.5460	-3.9650	
201849201459  	-9.0280	-20.6180	-18.2390	
20184920150  	0.5490	13.9080	30.0730	
20184920150  	1.8300	9.3330	7.8690	
20184920150  	-3.2940	-34.8310	-23.0580	
20184920150  	-21.8990	-25.4370	0.4270	
20184920150  	2.9890	5.1240	11.5900	
20184920150  	-17.2630	-23.5460	-21.2280	
20184920150  	-7.3200	-14.5790	-1.8300	
20184920150  	1.5250	-2.9890	12.0780	
20184920150  	-2.0740	56.6080	17.9950	
20184920150  	-12.9930	-37.7590	-38.4910	
20184920151  	-7.1370	-23.1190	-1.8910	
20184920151  	8.0520	38.0030	6.2830	
20184920151  	-12.5050	-2.0130	-18.2390	
20184920151  	-1.7690	2.8670	-2.0740	
20184920151  	-10.4310	-36.7830	-25.0100	
20184920151  	1.9520	21.1670	12.5660	
20184920151  	-9.8820	-28.8530	-11.8950	
20184920151  	0.3660	-1.6470	-4.8190	
20184920151  	-4.5140	37.3320	12.1390	
20184920151  	-2.5620	0.0000	20.4350	
20184920152  	-0.0610	-8.4180	-3.7820	
20184920152  	0.1830	19.5810	14.6400	
20184920152  	1.5860	-0.6100	-0.6710	
20184920152  	-10.1870	-28.7310	-14.7010	
20184920152  	-8.0520	16.5310	13.7860	
20184920152  	-8.0520	53.6800	1.7080	
20184920152  	-9.6990	-23.9120	-18.9710	
20184920152  	-9.1500	-25.3150	-15.7380	
20184920152  	-3.2330	-15.4330	-4.2700	
20184920152  	1.4030	38.9790	24.1560	
20184920153  	-8.4180	-25.6200	-17.9340	
20184920153  	6.6490	-48.3730	-16.3480	
20184920153  	-7.4420	27.9990	1.1590	
20184920153  	-14.3350	-25.8030	-19.2150	
20184920153  	-25.1930	-39.8940	-11.1630	
20184920153  	1.3420	21.5940	-22.8750	
20184920153  	-8.0520	-15.1280	-10.0040	
20184920153  	-3.2330	12.3830	17.7510	
20184920153  	-3.7820	-7.6860	-12.9320	
20184920153  	-4.5750	28.4870	10.3700	
20184920154  	-10.5530	-8.9060	-1.3420	
20184920154  	1.8300	-2.2570	14.2130	
20184920154  	0.1830	9.5160	12.7490	
20184920154  	-12.0170	-40.5650	-33.8550	
20184920154  	5.6730	40.2600	40.4430	
20184920154  	-33.1230	-33.6720	-15.1280	
20184920154  	2.3180	27.5720	9.9430	
20184920154  	-0.1830	16.2870	-11.8340	
20184920154  	-6.1000	20.1300	-20.8620	
20184920154  	-7.9300	-3.7210	-21.3500	
20184920155  	-8.8450	-8.9670	-3.8430	
20184920155  	-4.0870	-10.1260	-3.6600	
20184920155  	-3.9040	-2.6840	0.4880	
20184920155  	-2.4400	-3.1720	-0.6710	
20184920155  	-4.3310	-3.1720	-2.3180	
20184920155  	-2.3790	-3.2330	-0.3050	
20184920155  	-1.2810	-5.0020	0.2440	
20184920155  	-6.7100	-8.4180	-3.9040	
20184920155  	7.9910	-8.1130	-8.4180	
20184920155  	0.0610	-3.2330	2.1960	
20184920156  	-3.4770	-6.3440	-7.3200	
20184920156  	0.2440	-1.2200	-5.0020	
20184920156  	-0.8540	-28.3040	-10.3090	
20184920156  	-2.2570	-27.2060	-8.2350	
20184920156  	-1.6470	-21.2280	-24.5220	
20184920156  	35.5630	-12.7490	28.8530	
20184920156  	-12.3220	23.1190	-0.7320	
20184920156  	-5.8560	-20.2520	-16.7140	
20184920156  	9.3940	-5.6120	13.4810	
20184920156  	-0.2440	21.2280	9.9430	
20184920157  	-11.1020	0.6100	-9.8820	
20184920157  	0.3660	-16.3480	-1.5250	
20184920157  	-3.1720	6.3440	-5.2460	
20184920157  	-1.1590	31.1100	9.4550	
20184920157  	-16.4090	-2.7450	1.7080	
20184920157  	-7.0150	-3.9650	-8.4180	
20184920157  	3.2940	29.7680	16.4700	
20184920157  	-5.6120	-23.3630	26.7790	
20184920157  	-16.4700	-2.1960	-25.7420	
20184920157  	-7.6250	8.4180	12.8100	
20184920158  	0.1220	9.5770	11.5290	
20184920158  	-0.4880	25.6810	19.3370	
20184920158  	5.4900	38.1860	18.9100	
20184920158  	-23.4240	-43.0050	-40.8090	
20184920158  	-12.5050	-7.5030	13.9690	
20184920158  	3.1720	6.2220	-5.3070	
20184920158  	-12.7490	-29.0360	-55.6930	
20184920158  	-6.5270	13.7860	42.0290	
20184920158  	1.6470	2.5620	12.0780	
20184920158  	-11.5290	-29.6460	24.3390	
20184920159  	20.0080	18.7880	-34.0990	
20184920159  	-4.5750	3.8430	-13.7250	
20184920159  	-2.6840	0.8540	10.7970	
20184920159  	1.7080	-16.8360	7.5030	
20184920159  	4.0870	18.1780	15.1890	
20184920159  	11.2240	90.5240	23.5460	
20184920159  	19.4590	183.5490	48.6780	
20184920159  	2.9890	171.2880	11.8340	
20184920159  	4.2090	146.7050	41.1140	
20184920159  	13.2980	132.2480	-0.9150	
201849201510  	-6.1610	88.8160	-3.6600	
201849201510  	4.4530	48.9830	0.8540	
201849201510  	1.0370	91.1950	17.2020	
201849201510  	-13.0540	87.4740	7.4420	
201849201510  	3.8430	82.8990	11.7120	
201849201510  	-11.2240	28.6090	-3.9650	
201849201510  	-4.5750	-3.4770	-2.8670	
201849201510  	-15.6770	-32.4520	-10.6750	
201849201510  	-1.5860	42.0900	1.5860	
201849201510  	3.6600	30.1340	-8.4180	
201849201511  	-10.9800	11.8340	-0.1830	
201849201511  	-0.2440	-8.0520	-6.0390	
201849201511  	-1.2200	-8.3570	-4.3920	
201849201511  	-0.9760	0.0000	-2.8060	
201849201511  	-6.1610	-3.2330	-5.1240	
201849201511  	-4.4530	-1.2810	-4.3920	
201849201511  	2.4400	-4.2700	-2.7450	
201849201511  	-14.6400	6.0390	-5.7950	
201849201511  	0.2440	-9.0890	-8.9670	
201849201511  	1.2810	-6.6490	-9.4550	
201849201512  	-0.7320	0.9150	0.0000	
201849201512  	-3.7820	-4.8190	-5.4290	
201849201512  	8.7230	10.9190	-3.2330	
201849201512  	-1.7690	-8.3570	-8.2960	
201849201512  	6.1610	-26.4130	-27.2060	
201849201512  	-11.0410	-35.1360	-30.9270	
201849201512  	-27.2670	44.5300	6.4050	
201849201512  	-3.7820	-25.2540	-3.0500	
201849201512  	-6.7710	-142.4960	-18.0560	
201849201512  	-0.7320	18.4220	-18.9100	
201849201513  	7.6860	-22.8140	-42.2120	
201849201513  	27.9990	109.7390	-21.2890	
201849201513  	-25.5590	99.8570	45.9940	
201849201513  	-6.0390	28.7920	17.4460	
201849201513  	19.8250	-92.2930	-38.3690	
201849201513  	13.0540	-53.4970	-36.1730	
201849201513  	-13.1760	21.0450	-15.1890	
201849201513  	-1.4030	12.1390	30.0120	
201849201513  	2.9280	-3.5990	0.1830	
201849201513  	-12.5660	-17.4460	-50.5080	
201849201514  	-4.0260	-12.3220	-17.6900	
201849201514  	5.4290	-0.4880	59.9020	
201849201514  	-11.1020	38.1860	-24.6440	
201849201514  	-1.2810	-22.6920	-29.6460	
201849201514  	-10.7970	-9.7600	42.4560	
201849201514  	3.4160	8.6010	8.2350	
201849201514  	-8.6010	19.5810	-29.4020	
201849201514  	-6.2830	-10.4920	13.8470	
201849201514  	-6.5270	-3.7820	0.3050	
201849201514  	1.1590	-18.0560	-24.4610	
201849201515  	-0.6100	-22.3260	3.7820	
201849201515  	8.9060	-13.1760	15.3110	
201849201515  	11.9560	-1.2200	-63.6840	
201849201515  	12.6880	-27.7550	-28.6700	
201849201515  	-3.1110	-8.2960	3.4770	
201849201515  	2.5620	-8.4180	-1.8910	
201849201515  	-6.6490	-9.8210	-39.8940	
201849201515  	0.3050	-22.2650	7.1980	
201849201515  	-15.3720	17.6290	-4.8190	
201849201515  	-3.5380	5.6730	-11.2240	
201849201516  	-9.4550	9.2720	-0.7930	
201849201516  	-5.2460	3.5380	-5.1240	
201849201516  	-0.9760	-2.6840	-49.9590	
201849201516  	-14.2740	10.3700	10.9190	
201849201516  	22.2650	-27.3890	38.5520	
201849201516  	-13.2370	-0.8540	-35.0140	
201849201516  	-17.3850	5.3680	10.8580	
201849201516  	6.7100	-13.9690	15.1890	
201849201516  	-6.9540	-10.1870	-3.9040	
201849201516  	-17.4460	4.8800	-27.8770	
201849201517  	-4.2090	-8.6010	43.5540	
201849201517  	-1.5250	10.8580	-25.6810	
201849201517  	-7.5640	-11.2240	-28.2430	
201849201517  	-14.7620	-2.8670	11.8340	
201849201517  	6.1000	-6.2830	-14.2740	
201849201517  	-17.4460	11.4680	-28.9750	
201849201517  	3.6600	0.1220	15.7990	
201849201517  	-3.4160	7.5640	-1.8910	
201849201517  	-13.4200	4.8190	-24.7660	
201849201517  	-6.4050	-10.4920	-8.4180	
201849201518  	7.8080	14.4570	64.5990	
201849201518  	-6.7100	-8.1740	-54.9000	
201849201518  	-4.2090	-7.1980	-5.9780	
201849201518  	14.7620	19.3980	70.8210	
201849201518  	-5.1240	-5.6730	-16.8970	
201849201518  	-4.3920	18.7880	-16.4090	
201849201518  	-8.2960	3.5990	44.4690	
201849201518  	2.0740	-26.7790	-18.4830	
201849201518  	-3.6600	-10.7970	-13.6640	
201849201518  	-6.2830	-24.4610	15.6160	
201849201519  	3.2940	-16.3480	-5.4290	
201849201519  	4.2090	20.8620	-31.4760	
201849201519  	-17.9340	-3.4770	4.0870	
201849201519  	-2.3790	-24.3390	-19.2760	
201849201519  	-6.2830	8.7230	-21.1670	
201849201519  	-3.5990	-0.3050	30.8050	
201849201519  	8.3570	-7.7470	1.5250	
201849201519  	6.4660	5.8560	-25.6810	
201849201519  	-2.8060	-3.8430	29.2800	
201849201519  	-3.7210	-1.4030	-17.0800	
201849201520  	1.2200	8.4180	-8.7230	
201849201520  	6.5880	-24.5830	33.7330	
201849201520  	-3.2330	11.8950	11.6510	
201849201520  	-1.6470	9.5770	-17.6290	
201849201520  	-5.1850	5.3070	24.0950	
201849201520  	-29.2800	11.8340	-33.1840	
201849201520  	-8.0520	16.7140	-7.1370	
201849201520  	8.1130	-20.8620	17.2630	
201849201520  	-35.7460	10.3700	-32.4520	
201849201520  	-18.7880	9.6380	-28.4260	
201849201521  	12.0780	-32.3910	6.9540	
201849201521  	-4.3920	-3.9650	-12.7490	
201849201521  	-28.0600	16.4090	-41.4800	
201849201521  	-12.4440	-12.2000	6.7710	
201849201521  	0.4880	-9.7600	-18.2390	
201849201521  	-10.8580	-7.1370	-28.2430	
201849201521  	-7.4420	2.5010	-13.3590	
201849201521  	15.4940	-35.3190	20.1300	
201849201521  	10.2480	-21.4720	-8.6620	
201849201521  	-7.4420	19.5200	-19.5200	
201849201522  	13.9080	-27.2060	43.1880	
201849201522  	7.6860	-17.6290	-49.4710	
201849201522  	-21.4110	6.2830	-0.7320	
201849201522  	-2.9890	6.1610	3.2940	
201849201522  	-8.0520	21.8380	11.1630	
201849201522  	-1.8910	4.4530	0.5490	
201849201522  	-4.3310	-0.6100	-3.3550	
201849201522  	0.4270	2.1350	-1.2200	
201849201522  	-4.0870	-0.3050	-4.3920	
201849201522  	-0.5490	-6.7710	-5.3680	
201849201523  	-2.4400	-2.3180	-2.0740	
201849201523  	-2.0130	-8.2350	-5.4900	
201849201523  	-9.7600	-1.0370	-5.2460	
201849201523  	0.2440	-4.6970	-2.0130	
201849201523  	-3.1110	-2.6230	2.7450	
201849201523  	-2.8670	-6.2220	-6.2220	
201849201523  	-6.1000	-10.8580	-0.7930	
201849201523  	2.7450	-104.9810	-19.8860	
201849201523  	-26.1690	-110.1050	-15.8600	
201849201523  	-30.7440	-124.3180	-11.5290	
201849201524  	-6.7710	-150.5480	-31.8420	
201849201524  	-6.8320	-135.8470	-13.5420	
201849201524  	-27.0230	-60.0850	42.3340	
201849201524  	17.7510	-174.6430	-24.3390	
201849201524  	-8.1130	-154.8180	55.7540	
201849201524  	115.9610	-142.6180	34.2820	
201849201524  	32.8180	-26.5350	4.2700	
201849201524  	-5.9780	23.1190	-10.5530	
201849201524  	37.7590	-50.5080	54.4120	
201849201524  	27.9380	-33.5500	-3.4160	
201849201525  	-17.5680	-69.5400	-17.2630	
201849201525  	-20.4960	-11.9560	-13.3590	
201849201525  	-8.1130	1.6470	-24.9490	
201849201525  	-31.4150	-34.0380	-18.9710	
201849201525  	-13.3590	-20.8620	10.1260	
201849201525  	-2.8670	23.9730	9.5160	
201849201525  	-2.8060	9.2720	1.0370	
201849201525  	4.2700	24.3390	4.8190	
201849201525  	6.1610	32.6960	18.2390	
201849201525  	-16.8970	-11.1630	-19.6420	
201849201526  	-11.2240	-2.7450	-5.3680	
201849201526  	7.5030	20.1300	15.9820	
201849201526  	-14.0910	35.8070	13.1150	
201849201526  	10.8580	21.2890	11.7730	
201849201526  	7.9300	13.8470	-8.4180	
201849201526  	-11.5290	7.1370	-22.0210	
201849201526  	14.0910	23.3020	-1.6470	
201849201526  	-34.2210	-20.3740	-20.2520	
201849201526  	26.9010	28.3650	37.0880	
201849201526  	-37.0270	-36.5390	-27.8770	
201849201527  	-2.1960	19.8250	-9.0280	
201849201527  	-19.3980	-1.0370	-14.5180	
201849201527  	-12.7490	-55.5710	5.3680	
201849201527  	23.0580	14.1520	35.8070	
201849201527  	28.4260	-32.6960	-6.5880	
201849201527  	0.0610	26.1080	10.4920	
201849201527  	-31.2320	-58.0720	0.9150	
201849201527  	-18.7880	-85.5220	-21.4110	
201849201527  	3.2330	6.3440	-5.8560	
201849201527  	-11.6510	2.6230	-28.2430	
201849201528  	48.2510	65.2090	22.1430	
201849201528  	-30.0730	-43.5540	-14.8840	
201849201528  	-6.7100	-22.8750	13.1760	
201849201528  	-12.8710	-7.3200	-0.1830	
201849201528  	-6.7100	-18.3610	2.7450	
201849201528  	8.8450	27.5110	-7.6250	
201849201528  	12.4440	-16.4090	-6.9540	
201849201528  	-20.4960	-10.9190	12.5660	
201849201528  	-4.1480	13.7250	14.5180	
201849201528  	-32.2690	-27.9990	-30.1340	
201849201529  	23.6070	22.0210	0.4880	
201849201529  	-6.1000	-0.9760	-44.7130	
201849201529  	-9.8820	31.4150	-7.6860	
201849201529  	-15.9210	9.5770	-1.0370	
201849201529  	-41.0530	18.9100	0.7320	
201849201529  	0.5490	46.9700	19.8860	
201849201529  	-24.3390	-6.7100	-29.4020	
201849201529  	-11.8950	14.0910	-0.6100	
201849201529  	-2.0130	12.7490	8.9060	
201849201529  	-20.1300	-2.6230	-13.9080	
201849201530  	30.3780	40.3210	37.8810	
201849201530  	6.1000	-40.8700	-12.9320	
201849201530  	-15.1280	-22.2040	-13.9080	
201849201530  	-16.5310	-24.2170	-4.5140	
201849201530  	-15.1280	-9.9430	-3.1720	
201849201530  	15.7380	19.4590	3.2330	
201849201530  	-0.9150	-22.7530	-21.4720	
201849201530  	11.7730	-3.4160	23.9730	
201849201530  	2.0740	-14.1520	20.1300	
201849201530  	-5.6120	-22.5700	-10.3700	
201849201531  	4.9410	1.4640	30.3780	
201849201531  	-9.9430	-28.6700	3.3550	
201849201531  	4.0260	-19.4590	28.9140	
201849201531  	2.9280	-4.5140	22.5700	
201849201531  	13.4810	16.5310	22.6920	
201849201531  	7.6250	3.2940	50.9350	
201849201531  	18.7880	33.0620	13.7250	
201849201531  	4.0870	-7.9910	2.8060	
201849201531  	-1.0980	3.1720	9.9430	
201849201531  	-12.0170	-15.9820	9.1500	
201849201532  	-6.1610	-17.9340	12.5660	
201849201532  	12.5660	35.9900	26.5960	
201849201532  	-29.4630	-11.1020	-26.8400	
201849201532  	12.4440	42.4560	43.8590	
201849201532  	-23.7290	14.3350	-15.0670	
201849201532  	7.6860	19.7030	11.4070	
201849201532  	5.7340	25.7420	15.1280	
201849201532  	2.3180	-22.7530	-28.8530	
201849201532  	-2.3180	2.2570	10.8580	
201849201532  	-14.5180	-21.0450	-25.9250	
201849201533  	-15.0060	-44.4690	-30.6830	
201849201533  	8.5400	6.5270	49.2880	
201849201533  	-21.1060	-42.3340	-36.4170	
201849201533  	-3.1110	21.5940	-7.0150	
201849201533  	-19.7030	-27.6940	-61.3050	
201849201533  	-5.6120	-8.2350	-26.1690	
201849201533  	-0.9150	10.0040	-8.9670	
201849201533  	25.3760	7.8080	-24.0950	
201849201533  	-16.4090	-9.3330	-18.2390	
201849201533  	16.1040	-15.6770	-33.3060	
201849201534  	-12.2610	1.4640	-4.5750	
201849201534  	11.0410	2.1350	-31.2930	
201849201534  	-18.6050	-54.4730	-14.2130	
201849201534  	6.1000	-10.1870	0.9760	
201849201534  	-8.1130	-15.1890	-5.3680	
201849201534  	-1.8300	1.4030	-5.7950	
201849201534  	-3.4770	-5.0630	-7.1980	
201849201534  	0.2440	0.6710	-2.6230	
201849201534  	-5.4900	-3.8430	-7.6250	
201849201534  	-3.3550	-3.1720	0.1830	
201849201535  	1.6470	5.1240	3.0500	
201849201535  	-9.2720	-5.0020	-7.4420	
201849201535  	-15.4940	-3.8430	-4.9410	
201849201535  	-10.6140	-17.3850	5.9170	
201849201535  	0.0000	0.1220	9.2110	
201849201535  	3.4160	2.5620	-7.3200	
201849201535  	3.3550	-0.1830	10.3090	
201849201535  	1.1590	1.7080	3.4160	
201849201535  	-15.0670	-7.3200	4.5750	
201849201535  	2.3180	1.5250	-8.7840	
201849201536  	-18.1780	-8.6010	-5.9780	
201849201536  	-1.5860	-4.0260	-18.8490	
201849201536  	-13.7250	-0.6100	-13.2980	
201849201536  	-2.3180	-1.0980	-28.2430	
201849201536  	-6.2220	2.5620	10.3090	
201849201536  	-5.8560	2.5620	-29.8900	
201849201536  	-1.7690	-4.5750	-15.9820	
201849201536  	-7.3810	5.9780	-43.5540	
201849201536  	-4.7580	-12.6880	-23.9730	
201849201536  	-5.3680	5.0020	-0.5490	
201849201537  	1.4030	2.8060	-34.3430	
201849201537  	-0.7320	5.0020	4.4530	
201849201537  	0.9150	0.4880	-13.1150	
201849201537  	11.4070	-2.1350	-15.7380	
201849201537  	-10.1260	-6.2220	-13.2370	
201849201537  	3.6600	2.9890	-9.9430	
201849201537  	-2.2570	6.2220	17.3240	
201849201537  	-10.9190	7.3200	-8.4790	
201849201537  	5.0630	-2.5010	10.9190	
201849201537  	-17.2630	5.6120	2.3790	
201849201538  	-2.9280	13.2370	4.6970	
201849201538  	-6.7710	-0.1220	1.4640	
201849201538  	-8.5400	-3.6600	-11.1020	
201849201538  	23.2410	-1.6470	-17.2020	
201849201538  	16.4090	59.9630	12.5050	
201849201538  	-15.7380	-19.3980	7.1370	
201849201538  	-26.8400	-35.5020	-13.1760	
201849201538  	-29.3410	-1.0370	-2.7450	
201849201538  	6.8930	-27.6330	0.0000	
201849201538  	-54.4730	-9.1500	-15.9820	
201849201539  	-34.7090	-5.9170	-40.2600	
201849201539  	-22.5090	12.4440	12.9320	
201849201539  	-10.6750	2.3180	29.2190	
201849201539  	-10.8580	-7.7470	-9.8820	
201849201539  	-3.5380	-15.4330	-9.6990	
201849201539  	12.6270	-11.8340	-4.5140	
201849201539  	13.2370	-4.4530	2.5620	
201849201539  	21.2890	-3.3550	26.9010	
201849201539  	8.9060	2.9280	-5.8560	
201849201539  	3.1110	-1.0980	23.0580	
201849201540  	-6.1610	-1.3420	-10.9800	
201849201540  	-5.3070	-3.8430	-12.0170	
201849201540  	-1.5250	-4.0870	14.5790	
201849201540  	0.0610	28.2430	-59.1090	
201849201540  	25.3150	48.0070	51.5450	
201849201540  	10.9800	309.3920	98.6980	
201849201540  	-91.1950	256.9320	177.3880	
201849201540  	76.9820	151.5240	25.9860	
201849201540  	25.9250	220.3930	31.5370	
201849201540  	22.6310	324.9470	9.8210	
201849201541  	55.7540	154.0250	18.3000	
201849201541  	37.8810	111.5080	22.3870	
201849201541  	6.8930	74.3590	25.1320	
201849201541  	22.3870	127.3070	-37.0270	
201849201541  	43.2490	-96.2580	-0.5490	
201849201541  	11.0410	-77.5310	-17.5680	
201849201541  	-8.3570	15.1280	17.2020	
201849201541  	-11.4070	-0.6710	26.4130	
201849201541  	-10.1870	-13.8470	59.5360	
201849201541  	-1.1590	-15.1890	18.7270	
201849201542  	-24.1560	-0.8540	9.5770	
201849201542  	29.7680	-66.2460	-27.3890	
201849201542  	26.5960	8.4790	-11.7120	
201849201542  	1.2200	31.7810	-8.4790	
201849201542  	18.1170	-4.5140	1.3420	
201849201542  	5.5510	1.4640	-2.9890	
201849201542  	-10.0650	26.9620	-23.3020	
201849201542  	-3.7820	6.1610	8.7840	
201849201542  	-5.3680	12.5660	2.5620	
201849201542  	-19.8860	25.2540	-6.8320	
201849201543  	-19.1540	5.0630	0.9150	
201849201543  	-4.5140	14.5790	-3.2330	
201849201543  	3.9650	-10.4920	-15.1890	
201849201543  	-12.3830	10.7360	6.5880	
201849201543  	24.6440	-15.1890	28.6090	
201849201543  	5.0020	-3.1110	-4.9410	
201849201543  	31.8420	-34.0990	9.8210	
201849201543  	21.7160	-25.3150	-22.0820	
201849201543  	2.0740	-17.1410	-0.9150	
201849201543  	1.8910	-32.3300	20.0690	
201849201544  	-3.1720	-33.1230	-18.7880	
201849201544  	-16.8360	-20.2520	17.0800	
201849201544  	6.3440	-73.0780	-1.4640	
201849201544  	-25.6810	-26.8400	0.6710	
201849201544  	-10.5530	-8.5400	-14.9450	
201849201544  	-10.3700	-11.0410	-5.0020	
201849201544  	-17.9340	4.0870	-1.4640	
201849201544  	11.5290	44.1030	-4.3310	
201849201544  	-9.2110	35.0140	-24.5830	
201849201544  	-0.9150	53.8020	-4.9410	
201849201545  	7.0150	19.5200	3.4770	
201849201545  	26.5350	-4.4530	-13.8470	
201849201545  	-12.3220	28.0600	-7.9300	
201849201545  	22.1430	-13.1150	0.6100	
201849201545  	-0.1830	5.9170	-1.0980	
201849201545  	-2.6230	-8.9670	5.0020	
201849201545  	-10.4920	17.0800	-28.0600	
201849201545  	-24.8880	12.0170	4.7580	
201849201545  	-8.1740	7.0760	-19.9470	
201849201545  	-36.7220	17.2020	-10.3090	
201849201546  	16.7140	-34.5260	5.4290	
201849201546  	18.4830	-16.1650	-12.8100	
201849201546  	-23.2410	0.3050	-5.3680	
201849201546  	34.2820	-23.2410	31.7810	
201849201546  	18.6660	-28.1210	-29.9510	
201849201546  	11.7120	-20.8010	7.2590	
201849201546  	10.9800	-17.1410	5.7950	
201849201546  	6.4660	3.7820	-3.2940	
201849201546  	-3.9650	-13.1150	-0.6710	
201849201546  	-3.4160	-6.4660	3.9650	
201849201547  	19.3370	-39.2230	-7.5640	
201849201547  	-14.2740	-5.0020	20.0080	
201849201547  	-4.3920	-12.2000	0.7930	
201849201547  	-6.6490	-42.7610	5.6120	
201849201547  	-4.5140	-29.5850	1.3420	
201849201547  	-0.1220	-37.3320	10.9190	
201849201547  	-14.1520	-13.3590	0.1220	
201849201547  	-8.4180	7.6250	8.1740	
201849201547  	-7.1370	6.0390	-10.7360	
201849201547  	-25.2540	16.3480	-7.5030	
201849201548  	-0.0610	43.3100	-5.8560	
201849201548  	9.3940	11.3460	-10.0040	
201849201548  	-22.2650	97.7830	-26.1690	
201849201548  	6.2830	26.3520	17.7510	
201849201548  	4.5750	-9.0890	-16.1040	
201849201548  	-2.2570	5.9170	-1.5860	
201849201548  	-5.0630	-5.1240	25.1320	
201849201548  	-9.3940	13.1150	-33.3670	
201849201548  	-18.0560	10.6140	2.9890	
201849201548  	-7.1980	-5.1850	0.7320	
201849201549  	-8.2960	7.8690	-8.7230	
201849201549  	-21.6550	-6.5270	3.1720	
201849201549  	-10.3090	-12.2000	-22.6310	
201849201549  	-8.9060	-5.8560	-0.1830	
201849201549  	37.8810	-22.4480	42.4560	
201849201549  	14.8840	-21.1670	7.7470	
201849201549  	-0.3660	-17.6290	-6.1610	
201849201549  	-1.4640	-40.4430	-0.5490	
201849201549  	27.2060	-99.2470	-1.0980	
201849201549  	-27.0840	-0.5490	-4.3310	
201849201550  	-14.6400	-8.1130	5.4290	
201849201550  	-16.1650	-17.2020	9.0280	
201849201550  	-39.1620	29.0360	15.4330	
201849201550  	-41.9680	15.4940	10.0040	
201849201550  	-31.1710	3.3550	4.7580	
201849201550  	-25.4980	17.4460	1.5860	
201849201550  	-43.9200	36.2340	-21.5940	
201849201550  	-44.4690	30.3780	-12.2610	
201849201550  	-59.1700	30.0120	-21.1060	
201849201550  	-40.1380	28.6090	-22.3870	
201849201551  	-29.6460	11.5290	-6.2830	
201849201551  	-49.5930	-3.8430	-23.3630	
201849201551  	-66.3680	31.7810	-34.4040	
201849201551  	-4.6360	-32.0860	-3.8430	
201849201551  	2.0130	-17.8730	-18.3000	
201849201551  	-5.7340	-23.0580	-10.4920	
201849201551  	-5.0630	2.8060	-31.7810	
201849201551  	-8.9670	-26.0470	35.4410	
201849201551  	-13.7860	12.5050	-0.9760	
201849201551  	20.3130	-1.5860	-37.8810	
201849201552  	2.6230	-7.5030	17.6290	
201849201552  	-20.1300	13.7250	-1.4640	
201849201552  	9.9430	-5.3680	-33.9160	
201849201552  	7.1370	-13.1760	19.7640	
201849201552  	-17.9340	-7.8690	-2.6230	
201849201552  	3.6600	2.9890	-28.4870	
201849201552  	-14.7010	-6.2220	13.4200	
201849201552  	-12.7490	2.8670	3.4160	
201849201552  	8.9670	5.1850	-21.5940	
201849201552  	2.2570	-19.6420	21.7770	
201849201553  	0.1220	3.1110	-4.8190	
201849201553  	19.5200	4.2700	-32.8180	
201849201553  	2.8060	-30.0730	16.5920	
201849201553  	-7.3200	-10.4310	-6.5270	
201849201553  	14.7620	2.1960	-42.5780	
201849201553  	-9.5160	-12.3830	13.9080	
201849201553  	-6.0390	-14.9450	-3.6600	
201849201553  	-11.4070	22.3260	-11.5900	
201849201553  	-9.0280	-15.9210	10.3700	
201849201553  	4.4530	-12.5660	5.4290	
201849201554  	-6.5270	38.4300	16.9580	
201849201554  	9.5770	26.4130	22.4480	
201849201554  	6.5880	-13.2980	6.1000	
201849201554  	25.5590	4.6970	13.6030	
201849201554  	12.2610	-16.5310	21.4110	
201849201554  	11.4070	-4.0870	10.2480	
201849201554  	14.1520	-31.9030	15.0670	
201849201554  	-17.8120	-9.5160	-5.4290	
201849201554  	14.7620	-9.8210	-31.0490	
201849201554  	21.2890	-16.8360	35.2580	
201849201555  	-28.9140	11.4070	0.6100	
201849201555  	-3.2940	-1.5250	-9.6380	
201849201555  	3.4160	2.6840	-49.5930	
201849201555  	3.3550	6.8930	-66.9780	
201849201555  	5.8560	15.9210	-63.0130	
201849201555  	1.5860	14.4570	-52.5820	
201849201555  	-8.1740	19.7030	-58.8650	
201849201555  	5.8560	10.9190	-58.4380	
201849201555  	-17.5070	24.3390	-50.4470	
201849201555  	-14.8840	19.5810	-42.2120	
201849201556  	-39.3450	13.2980	15.7990	
201849201556  	-123.3420	55.9980	13.6640	
201849201556  	-43.9810	17.6900	17.6290	
201849201556  	-73.0780	230.5800	-6.7100	
201849201556  	-20.2520	-33.0010	14.7620	
201849201556  	5.4900	-38.9180	13.3590	
201849201556  	-26.8400	-24.8270	11.5900	
201849201556  	-37.0880	-11.7730	14.3960	
201849201556  	-2.5010	-24.2170	3.4770	
201849201556  	-27.0840	-15.7380	-22.4480	
201849201557  	-0.0610	-15.7990	-11.7730	
201849201557  	12.6880	-18.4220	2.0740	
201849201557  	-10.3700	3.4160	11.3460	
201849201557  	-28.0600	11.3460	10.2480	
201849201557  	10.1260	0.3050	3.3550	
201849201557  	15.9820	1.5250	0.3050	
201849201557  	24.0340	-6.1000	6.3440	
201849201557  	44.0420	3.6600	17.2020	
201849201557  	51.6060	9.5160	10.3700	
201849201557  	5.7340	0.3660	-2.2570	
201849201558  	-44.5910	-7.5030	-26.9010	
201849201558  	8.0520	-6.7710	-15.3110	
201849201558  	-64.4770	-13.1760	-18.7270	
201849201558  	-46.9700	-3.9650	-36.5390	
201849201558  	-60.9390	-8.7230	-39.6500	
201849201558  	24.0950	-6.9540	-3.2940	
201849201558  	-54.4120	-1.8300	-1.2200	
201849201558  	4.4530	12.5660	-6.1000	
201849201558  	-34.3430	5.2460	-26.3520	
201849201558  	21.3500	-0.5490	3.2330	
201849201559  	-19.5810	-9.2720	6.1610	
201849201559  	8.0520	-17.3850	14.7010	
201849201559  	18.9710	-19.2150	10.6140	
201849201559  	-22.4480	-21.8380	-9.8210	
