0 -0.0449 0.0068 0.9482 
1 0.0288 -0.0146 0.9677 
2 2.4986 0.0278 -0.0098 
3 2.4986 0.0278 -0.0268 
4 0.0590 -0.0273 0.9501 
5 0.0371 0.0010 0.9540 
6 0.0781 0.0176 0.9331 
7 0.0649 -0.0576 0.9423 
8 0.0878 -0.0083 0.9462 
9 0.0888 -0.0556 0.9604 
10 0.0883 -0.0493 0.9218 
11 0.0102 -0.0005 0.9365 
12 0.0439 -0.0566 0.9257 
13 0.0161 -0.0664 0.9248 
14 0.0044 -0.0127 0.9628 
15 0.0390 -0.0112 0.9609 
16 0.0791 -0.0229 0.9516 
17 0.0874 -0.0434 0.9745 
18 -0.0010 -0.0468 0.9614 
19 0.0566 -0.0937 0.9662 
20 0.0249 0.0215 0.9536 
21 0.0800 -0.0678 0.9404 
22 0.0078 -0.0210 0.9399 
23 0.0742 -0.0166 0.9233 
24 0.0015 -0.0054 0.9770 
25 0.0171 0.0059 0.9750 
26 0.0425 -0.0288 0.9174 
27 0.0444 -0.0586 0.9267 
28 0.0249 0.0122 0.9145 
29 0.0303 0.0395 0.8965 
30 0.0590 -0.0278 0.9462 
31 0.0883 0.0171 0.9443 
32 0.1147 -0.0093 0.9496 
33 0.0527 0.0122 0.9565 
34 0.0283 0.0015 0.9604 
35 0.0756 0.0161 0.9560 
36 0.0625 0.0171 0.9306 
37 0.0239 0.0088 0.9658 
38 0.0981 -0.0508 0.9457 
39 0.0581 -0.0054 0.9306 
40 0.1108 -0.0288 0.9540 
41 0.0649 -0.0342 0.9589 
42 0.0937 -0.0551 0.9838 
43 0.0122 0.0317 0.9672 
44 0.0171 -0.0137 0.9521 
45 0.0878 -0.0669 0.9516 
46 0.0942 -0.0010 0.9780 
47 0.0849 0.0063 0.9223 
48 0.0620 0.0024 0.9379 
49 0.1254 -0.0181 0.9350 
50 0.0478 -0.0098 0.9492 
51 0.0239 -0.0386 0.9462 
52 -0.0034 -0.0102 0.9321 
53 0.0395 -0.0444 0.9248 
54 0.0390 -0.0459 0.9384 
55 0.0420 0.0307 0.9999 
56 0.0825 -0.0102 0.9662 
57 0.0464 0.0073 0.9296 
58 0.0468 -0.0327 0.9448 
59 0.0976 -0.0215 0.9545 
60 -0.0239 0.0229 0.9511 
61 0.0220 -0.0298 0.9618 
62 0.0942 0.0195 0.9740 
63 0.0361 -0.0386 0.9643 
64 0.0678 -0.0473 0.9438 
65 0.0556 -0.0127 0.9584 
66 0.0395 -0.0098 0.9457 
67 0.0112 -0.0566 0.9174 
68 0.0264 -0.0664 0.9355 
69 0.0220 -0.0776 0.9462 
70 0.0498 -0.0215 0.9697 
71 0.0586 0.0029 0.9858 
72 0.0200 -0.0049 0.9326 
73 0.0468 0.0073 0.9623 
74 0.0425 -0.0551 1.0185 
75 -0.0190 0.0420 0.9565 
76 0.0322 -0.0029 0.9887 
77 0.0366 0.0073 0.9443 
78 0.0454 0.0088 0.9667 
79 0.0512 -0.0522 0.9482 
80 0.0342 -0.1425 0.9672 
81 0.0644 -0.0010 0.9321 
82 0.0429 0.0073 0.9482 
83 0.0171 -0.0620 0.9340 
84 0.0068 -0.0644 0.9848 
85 0.0561 -0.0215 0.9482 
86 0.0932 0.0224 0.9331 
87 0.0132 -0.0063 0.9819 
88 0.0332 0.0181 0.9809 
89 0.0234 0.0151 0.9394 
90 0.1064 0.0015 0.9213 
91 0.0059 -0.0717 0.9448 
92 0.0883 -0.0429 0.9697 
93 0.0634 -0.0264 0.9238 
94 0.0625 -0.0127 0.9555 
95 0.0078 0.0278 0.9662 
96 0.0610 -0.0283 0.9604 
97 0.0522 -0.0020 0.9218 
98 -0.0054 -0.0205 0.9565 
99 0.0210 -0.0083 0.9355 
100 0.0264 -0.0781 0.9623 
101 0.0537 0.0063 0.9614 
102 0.0415 -0.0444 0.9199 
103 0.0542 0.0161 0.9540 
104 0.0571 -0.0488 0.9350 
105 -0.0029 0.0190 0.9472 
106 0.0351 -0.0595 0.9379 
107 0.0098 -0.0161 0.9326 
108 -0.0288 0.0034 0.9345 
109 0.0537 -0.0342 0.9287 
110 -0.0107 0.0073 0.9292 
111 0.0551 -0.0298 0.9628 
112 0.0259 -0.0205 0.9384 
113 0.0454 -0.0083 0.9604 
114 0.0425 0.0098 0.9013 
115 0.0566 -0.0493 0.9550 
116 0.0922 -0.0917 0.9765 
117 0.0566 -0.0112 0.9453 
118 -0.0420 -0.0307 0.9404 
119 0.0590 -0.0044 0.9418 
120 -0.0059 0.0215 0.9311 
121 -0.0151 -0.0044 0.9404 
122 0.0478 0.0195 0.8901 
123 0.0654 -0.0059 0.9399 
124 0.0649 -0.0156 0.9262 
125 0.0298 -0.0468 0.9448 
126 0.0161 -0.0566 0.9316 
127 0.0405 -0.0146 0.9560 
128 -0.0181 -0.0639 0.9448 
129 0.0356 -0.0508 0.9467 
130 -0.0137 -0.0146 0.9126 
131 0.0229 -0.0376 0.8994 
132 0.0181 0.0527 0.9594 
133 0.0190 -0.0342 0.9404 
134 0.0024 -0.0390 0.9174 
135 0.0459 -0.0351 0.9570 
136 0.0220 -0.0234 0.9252 
137 0.0610 0.0332 0.9238 
138 0.0205 0.0000 0.9262 
139 0.0561 -0.0439 0.9443 
140 -0.0054 0.0010 0.9184 
141 0.0615 -0.0488 0.9448 
142 0.0727 -0.0571 0.9335 
143 0.0312 0.0068 0.9496 
144 0.0395 0.0342 0.9575 
145 0.0595 -0.0307 0.9379 
146 0.0542 -0.0234 0.9492 
147 0.0098 0.0259 0.9443 
148 -0.0215 0.0059 0.9526 
149 0.0693 -0.0532 0.9457 
150 0.0942 0.0112 0.9365 
151 0.0874 -0.0634 0.9262 
152 0.0195 0.0425 0.9531 
153 0.0322 -0.0512 0.9589 
154 -0.0273 -0.0625 0.9609 
155 0.0761 -0.0142 0.9575 
156 0.0576 -0.0249 0.9121 
157 0.0400 0.0098 0.9331 
158 0.0547 0.0000 0.9072 
159 0.0351 0.0381 0.9262 
160 0.0947 -0.0415 0.9594 
161 0.0303 -0.0205 0.9609 
162 0.0449 -0.0073 0.9453 
163 0.0576 -0.0400 0.9453 
164 0.0322 -0.0234 0.9433 
165 -0.0142 -0.0644 0.9794 
166 0.0498 0.0317 0.9340 
167 0.0747 -0.0205 0.9409 
168 -0.0351 -0.0595 0.9389 
169 0.0229 -0.0937 0.9028 
170 0.0810 -0.0493 0.9301 
171 0.0493 -0.0512 0.8984 
172 0.0088 -0.0605 0.8965 
173 0.0761 -0.0561 0.9321 
174 0.0654 -0.0522 0.9043 
175 0.0381 -0.0039 0.9501 
176 0.0239 -0.0146 0.9179 
177 0.0200 -0.0234 0.9311 
178 0.0488 -0.0220 0.9296 
179 0.0366 -0.0137 0.9536 
180 0.0464 0.0010 0.9404 
181 0.0322 -0.0020 0.9331 
182 0.0239 0.0268 0.9872 
183 0.0224 -0.0332 0.9355 
184 0.0605 0.0390 0.9555 
185 0.0224 -0.0649 0.9262 
186 0.0317 0.0059 0.9194 
187 0.0259 -0.0547 0.9643 
188 0.0590 -0.0156 0.9130 
189 0.0459 -0.0171 0.9345 
190 0.0508 -0.0020 0.9570 
191 0.0717 0.0132 0.9711 
192 0.0073 -0.0717 0.9945 
193 0.0395 -0.0083 0.9584 
194 0.0371 -0.0224 0.9565 
195 -0.0390 -0.0415 0.9306 
196 0.0312 -0.1000 0.9633 
197 0.0551 -0.0366 0.9326 
198 0.0712 -0.0181 0.9648 
199 0.0000 0.0024 0.9335 
200 0.0703 -0.0244 0.9423 
201 0.0005 0.0405 0.9457 
202 0.0610 -0.0527 0.9823 
203 0.0508 0.0595 1.0111 
204 0.0322 -0.0551 0.9248 
205 0.0390 -0.0415 0.9560 
206 0.0532 -0.0551 0.9579 
207 0.0351 -0.0142 0.9594 
208 0.0625 0.0390 0.9374 
209 0.0220 0.0195 0.9384 
210 0.0610 -0.0395 0.9238 
211 0.0551 -0.0874 0.9194 
212 0.0132 0.0034 0.9438 
213 0.0708 -0.0366 0.9350 
214 0.0527 -0.0327 0.9496 
215 0.0688 -0.0176 0.9404 
216 0.0522 0.0156 0.9218 
217 0.0634 -0.0312 0.9165 
218 0.0395 -0.0293 0.9428 
219 0.0498 -0.0156 0.9414 
220 0.0400 -0.0215 0.9521 
221 0.0010 -0.0586 0.9218 
222 0.1425 -0.0327 0.9355 
223 0.0883 -0.0434 0.9135 
224 0.0712 -0.0312 0.9091 
225 0.0712 -0.1020 0.9945 
226 0.0981 0.0107 0.9726 
227 0.0293 -0.0478 0.9370 
228 0.0810 0.0254 0.8945 
229 -0.0107 -0.0390 0.9262 
230 0.0234 -0.0205 1.0150 
231 0.0278 -0.1103 0.9477 
232 0.0615 -0.0532 0.9111 
233 -0.0015 -0.0581 0.9374 
234 0.0381 -0.0366 0.9477 
235 0.0039 -0.0644 0.9345 
236 0.0571 -0.0839 0.9365 
237 -0.0073 -0.0337 0.9575 
238 0.1039 0.0376 0.9135 
239 0.0468 -0.0449 0.9575 
240 0.0791 -0.0400 0.9360 
241 0.0346 0.0073 0.9443 
242 0.0493 -0.0063 0.9243 
243 0.0493 -0.0215 0.9677 
244 0.0454 -0.0102 0.9443 
245 0.0224 -0.0820 0.9628 
246 0.0693 -0.0102 0.9296 
247 0.0083 -0.0405 0.9477 
248 0.0586 -0.0024 0.9438 
249 0.0517 -0.0727 0.9448 
250 0.0595 -0.0776 0.9862 
251 -0.0132 -0.0332 0.9335 
252 0.0698 0.0176 0.9218 
253 0.0078 -0.1249 0.9633 
254 0.0425 -0.0498 0.9594 
255 0.0815 -0.0112 0.9379 
256 0.0190 -0.0547 0.9306 
257 -0.0068 -0.0303 0.9819 
258 0.0478 -0.0605 0.9609 
259 0.0649 -0.0444 0.9492 
260 0.0400 -0.0561 0.9755 
261 0.0673 0.0381 0.9209 
262 0.0185 0.0161 0.9335 
263 0.0176 -0.0171 0.9467 
264 0.0522 0.0161 0.9433 
265 0.0244 0.0044 0.9457 
266 0.0322 -0.0293 0.9170 
267 0.0864 -0.0834 0.9414 
268 0.0044 -0.0712 0.9658 
269 0.0478 -0.0634 0.9287 
270 0.0039 -0.0571 0.9492 
271 0.0620 -0.0493 0.9536 
272 0.0844 -0.0405 0.9809 
273 0.0649 -0.0117 0.9692 
274 0.0415 -0.0244 0.9165 
275 0.0742 0.0098 0.9335 
276 0.0703 -0.0151 0.9726 
277 0.0332 -0.0098 0.9492 
278 0.0005 -0.0400 0.9579 
279 0.0625 -0.0483 0.9794 
280 0.0561 -0.0517 0.9731 
281 0.0122 -0.0073 0.9204 
282 0.0390 -0.0102 0.9555 
283 0.0756 0.0015 0.9462 
284 0.0586 -0.0956 0.9345 
285 0.0522 -0.0395 0.9453 
286 0.0112 -0.0142 0.9511 
287 0.0439 -0.0264 0.9365 
288 0.0332 -0.0215 0.9199 
289 0.0317 -0.0483 0.9897 
290 0.0346 -0.0181 0.9277 
291 0.0098 0.0410 0.9340 
292 0.0610 -0.0337 0.9433 
293 0.0361 -0.0356 0.9301 
294 0.0415 -0.0337 0.9321 
295 0.0264 0.0024 0.9331 
296 0.0703 -0.0429 0.9170 
297 0.0190 -0.0488 0.9677 
298 0.0634 -0.0512 0.9575 
299 0.0337 -0.0815 0.9389 
300 0.0444 -0.0468 0.9482 
301 0.0185 0.0185 0.9394 
302 0.0805 -0.0195 0.9628 
303 0.0137 -0.0498 0.9335 
304 0.0610 -0.0356 0.9165 
305 0.0181 -0.0766 0.9262 
306 0.0376 -0.0444 0.9579 
307 0.0844 -0.0932 0.9745 
308 0.0820 -0.0605 0.9531 
309 0.0176 0.0098 0.9399 
310 0.0366 -0.1327 0.8789 
311 0.0630 0.0522 1.0024 
312 0.0927 -0.0234 0.9423 
313 0.0664 0.0678 1.0228 
314 0.0137 0.0205 0.9170 
315 0.0034 0.0156 0.9731 
316 0.0683 0.0420 0.9658 
317 0.0532 -0.0205 0.9145 
318 -0.0317 0.0083 0.9716 
319 0.0059 -0.0098 0.9662 
320 0.0346 0.0093 0.9087 
321 0.0327 -0.0395 1.0077 
322 -0.0395 -0.0615 0.9692 
323 0.0288 -0.0386 0.9467 
324 0.0630 -0.0942 0.9731 
325 0.0346 0.0161 0.9272 
326 0.0756 -0.0415 0.9540 
327 0.0044 -0.0210 0.9838 
328 0.0337 0.0034 0.9516 
329 0.0522 -0.0449 0.9667 
330 0.0429 -0.0249 0.9584 
331 0.0083 0.0473 0.9248 
332 0.0439 -0.0542 0.9589 
333 0.0093 -0.0259 0.9194 
334 0.0239 0.0249 0.9648 
335 0.0581 -0.0171 0.9682 
336 0.0664 -0.0356 0.9326 
337 -0.0059 -0.0171 0.9531 
338 0.0376 -0.0634 0.9662 
339 0.0268 0.0449 0.9091 
340 0.0493 -0.0322 0.9853 
341 0.0005 -0.0522 0.9423 
342 0.0249 -0.0244 0.9111 
343 -0.0181 -0.0102 0.9823 
344 0.0142 -0.0600 0.9218 
345 0.0327 -0.0922 0.9448 
346 0.0795 0.0815 0.9130 
347 0.0698 -0.0102 0.9077 
348 0.0820 -0.0493 0.9384 
349 0.0732 -0.0351 0.9282 
350 0.0390 0.0073 0.9379 
351 0.1220 0.0107 0.9511 
352 0.0215 -0.0273 0.9370 
353 0.0185 -0.0429 0.9692 
354 0.0805 -0.0215 0.9374 
355 0.0429 0.0151 0.9516 
356 0.0063 -0.0132 0.9379 
357 0.1137 0.0083 0.9594 
358 0.0161 0.0234 0.9438 
359 0.0244 -0.0405 0.9209 
360 0.0693 -0.0088 0.9204 
361 0.0600 -0.0390 0.9228 
362 0.0444 -0.0556 0.9404 
363 -0.0029 -0.0264 0.9677 
364 0.0454 -0.0761 0.9511 
365 0.0249 -0.0049 0.9609 
366 0.0800 -0.0493 0.9545 
367 0.0834 -0.0444 0.9692 
368 0.0156 0.0039 0.9428 
369 0.0488 -0.0830 0.9453 
370 0.0415 -0.0376 0.9428 
371 0.0307 -0.0185 0.9213 
372 0.0576 -0.0298 0.9160 
373 -0.0254 -0.0244 0.9545 
374 0.0786 0.0107 0.9218 
375 0.0200 -0.0595 0.9428 
376 0.0410 -0.0146 0.9311 
377 0.1103 -0.0678 0.9409 
378 0.0010 -0.0088 0.9091 
379 0.0429 -0.0351 0.9521 
380 0.0415 -0.0044 0.9570 
381 0.0781 0.0205 0.9492 
382 -0.0088 -0.0586 0.9882 
383 0.0278 0.0190 0.8755 
384 0.0361 -0.0400 0.9199 
385 0.0376 -0.0259 0.9745 
386 0.0185 0.0000 0.9472 
387 0.0098 -0.0288 0.9340 
388 0.0722 -0.0220 0.9472 
389 0.0595 -0.0049 0.9755 
390 0.0644 0.0137 0.9482 
391 0.0288 0.0381 0.9536 
392 0.0293 0.0278 0.9706 
393 0.0473 -0.0098 0.9618 
394 0.0346 0.0293 0.9292 
395 0.0332 0.0102 0.9365 
396 0.0322 -0.0527 0.9570 
397 0.0600 -0.0571 0.9126 
398 0.0063 -0.0810 0.9399 
399 0.0410 -0.0220 0.9321 
400 0.0449 -0.0527 0.9135 
401 0.0376 -0.0376 0.9184 
402 0.0810 -0.0429 0.9482 
403 0.0586 -0.0107 0.9423 
404 0.0400 -0.0566 0.9516 
405 0.0844 -0.0020 0.9091 
406 0.0444 -0.0146 0.9306 
407 0.0556 -0.0098 0.9462 
408 0.0381 -0.0171 0.9462 
409 0.0786 -0.0098 0.9516 
410 0.0034 -0.0185 0.9555 
411 0.0298 0.0010 0.9311 
412 0.0278 -0.0678 0.9404 
413 0.0498 0.0264 0.9301 
414 0.0356 -0.0088 0.9448 
415 0.0669 0.0171 0.9345 
416 0.0132 -0.0132 0.9174 
417 0.0229 -0.0961 0.9545 
418 0.0215 0.0127 0.9365 
419 0.0307 0.0117 0.8833 
420 0.0659 -0.0361 0.9477 
421 0.0615 -0.0522 0.9399 
422 0.0371 -0.0434 0.9374 
423 0.0190 -0.0830 0.9682 
424 0.0503 -0.0537 0.9589 
425 0.0454 0.0239 0.9262 
426 0.0561 0.0044 0.9618 
427 -0.0044 -0.0259 0.9560 
428 0.0317 0.0171 0.9428 
429 0.0429 -0.0312 0.9199 
430 0.0683 -0.0932 0.9316 
431 0.0625 0.0142 0.9531 
432 0.0268 0.0117 0.9418 
433 0.0805 -0.0361 0.9204 
434 0.0059 0.0039 0.9409 
435 0.0390 0.0102 0.9701 
436 0.1103 0.0195 0.9750 
437 0.0527 -0.0034 0.9638 
438 0.0976 -0.0268 0.9623 
439 -0.0220 0.0210 0.9604 
440 0.0390 -0.0351 0.9194 
441 0.0029 -0.0044 0.9223 
442 0.0122 0.0034 0.9487 
443 0.0952 -0.0395 0.9399 
444 0.0634 -0.0029 0.9262 
445 0.0459 -0.0151 0.9648 
446 0.0166 -0.0688 0.9365 
447 0.0595 -0.0556 0.9565 
448 0.0439 -0.0400 0.9360 
449 0.0615 -0.0390 0.9516 
450 0.0029 -0.0337 0.9028 
451 0.0205 -0.0220 0.9701 
452 0.0073 -0.0093 0.9082 
453 0.0566 -0.0317 0.9394 
454 0.0249 -0.0161 0.9340 
455 0.0195 -0.0410 0.9394 
456 0.0805 -0.0551 0.9340 
457 -0.0049 -0.0176 0.9677 
458 0.0249 0.0127 0.9457 
459 0.0864 -0.0127 0.9545 
460 0.0605 -0.0181 0.9340 
461 -0.0078 0.0015 0.9672 
462 0.0166 -0.0522 0.9438 
463 0.0083 -0.0434 0.9404 
464 0.0678 -0.0268 0.9267 
465 0.0112 0.0112 0.9614 
466 -0.0327 0.0029 0.9072 
467 0.0483 -0.0142 0.9155 
468 -0.0068 -0.0073 0.9091 
469 0.0854 -0.0293 0.9209 
470 0.0190 0.0102 0.9130 
471 0.0961 -0.0864 0.9687 
472 0.0142 -0.0386 0.9721 
473 0.0254 -0.0820 0.9223 
474 0.0761 -0.0566 0.9487 
475 0.0283 0.0386 0.9472 
476 0.0444 -0.0703 0.9296 
477 0.0420 -0.0600 0.9038 
478 0.1035 -0.0717 0.9550 
479 0.0181 0.0307 0.9770 
480 0.0571 -0.0132 1.0033 
481 0.0420 -0.0195 0.9399 
482 0.0771 -0.0371 0.9394 
483 0.0337 -0.0054 0.9487 
484 0.0590 -0.0249 0.9477 
485 -0.0137 -0.0264 0.9584 
486 0.0283 -0.0181 0.9243 
487 0.1230 0.0151 0.9394 
488 0.0678 -0.0717 0.9711 
489 0.0678 0.0244 0.9111 
490 -0.0171 -0.0698 0.9370 
491 0.0776 -0.0010 0.9443 
492 0.0508 -0.0547 0.9506 
493 -0.0024 0.0259 0.9492 
494 0.0712 -0.0278 0.9301 
495 0.0395 -0.0102 0.9604 
496 0.0322 -0.0586 0.9062 
497 0.0176 -0.0239 0.9311 
498 0.0049 -0.0517 0.9521 
499 0.0376 0.0146 0.9740 
500 0.0888 -0.0420 0.9487 
501 0.0634 -0.0210 0.9267 
502 0.0473 -0.0224 0.9726 
503 0.0590 -0.0312 0.9716 
504 0.0278 0.0146 0.9545 
505 0.0464 0.0234 0.9472 
506 0.0254 -0.0078 0.9555 
507 0.0532 0.0088 0.9701 
508 0.0771 -0.1000 0.9584 
509 0.0776 0.0161 0.9243 
510 0.0493 -0.0381 0.9365 
511 0.0434 0.0234 0.9555 
512 0.0444 -0.0161 0.9428 
513 0.0356 -0.0107 0.9262 
514 0.0117 -0.0278 0.9516 
515 0.0571 -0.0142 0.9623 
516 0.0503 0.0210 0.9506 
517 0.0522 -0.0444 0.9658 
518 0.0756 -0.0010 0.9404 
519 0.0454 -0.0322 0.9521 
520 0.0649 -0.0083 0.9506 
521 0.0239 -0.0127 0.9321 
522 0.1186 -0.1093 0.9150 
523 0.0054 -0.0556 0.9257 
524 0.0371 -0.0483 0.9745 
525 0.1030 -0.0356 0.9365 
526 0.0410 -0.0176 0.9213 
527 0.0834 -0.0303 0.9414 
528 0.0727 -0.0410 0.9687 
529 0.0800 -0.0210 0.9448 
530 0.0620 0.0044 0.9335 
531 0.0493 -0.0142 0.9594 
532 0.0620 -0.0415 0.9345 
533 0.0268 -0.0439 0.9560 
534 0.0620 -0.0117 0.9536 
535 -0.0005 -0.0010 0.9809 
536 0.0810 -0.0449 0.9272 
537 0.1005 -0.0215 1.0024 
538 0.0322 -0.0454 0.9721 
539 0.0727 0.0112 0.9897 
540 0.0620 -0.0366 0.9282 
541 0.0371 -0.0020 0.9399 
542 0.0771 0.0205 0.9545 
543 0.0093 -0.0005 0.9316 
544 0.0732 -0.0273 0.9423 
545 0.1000 -0.0342 0.9467 
546 0.0298 -0.0044 0.9438 
547 0.0010 -0.0210 0.9575 
548 0.1459 -0.0332 0.9238 
549 0.0498 0.0024 0.9199 
550 0.0678 0.0063 0.9487 
551 0.0063 -0.0517 0.9496 
552 0.0508 -0.0508 0.9101 
553 0.0517 -0.0088 0.9599 
554 0.0342 0.0015 0.9501 
555 0.0239 -0.0815 0.9628 
556 -0.0205 -0.0312 0.9233 
557 0.0917 -0.0283 0.9638 
558 0.0688 -0.0039 0.9179 
559 0.0532 -0.0249 0.9428 
560 0.0737 0.0034 0.9218 
561 0.0249 0.0010 0.9350 
562 0.0249 -0.0034 0.9594 
563 0.0254 -0.0351 0.9374 
564 0.0264 -0.0673 0.9355 
565 0.0732 -0.0142 0.9516 
566 0.0429 -0.0327 0.9457 
567 0.0834 -0.0205 0.9223 
568 0.0351 -0.0234 0.9335 
569 0.0112 -0.1039 0.9409 
570 0.0927 -0.0132 0.9087 
571 0.0190 -0.0005 0.9384 
572 0.0293 -0.0005 0.9745 
573 0.0566 -0.0830 0.9477 
574 0.0268 -0.0298 0.9623 
575 -0.0020 -0.0815 0.9853 
576 0.0317 -0.0327 0.9384 
577 0.0512 0.0132 0.9384 
578 0.0503 -0.0098 0.9740 
579 -0.0024 -0.0390 0.8960 
580 0.0068 0.0444 0.9467 
581 -0.0102 -0.0503 0.9648 
582 0.0332 0.0312 0.9233 
583 -0.0210 0.0093 0.9536 
584 0.0795 0.0468 0.9340 
585 0.0908 -0.0268 0.9116 
586 0.0673 -0.0429 0.9457 
587 0.0390 -0.0342 0.9418 
588 0.0468 -0.0664 0.9316 
589 0.0956 -0.0234 0.9506 
590 0.0532 -0.0517 0.9394 
591 -0.0034 -0.0102 0.9726 
592 0.0947 0.0083 0.9540 
593 0.0600 -0.0366 0.9589 
594 0.0376 -0.0078 0.9233 
595 0.0581 -0.0195 0.9804 
596 0.0327 -0.0439 0.9457 
597 0.0264 0.0137 0.9331 
598 0.0610 -0.0527 0.9492 
599 0.0537 -0.0024 0.9496 
600 0.0561 0.0112 0.9233 
601 0.0659 -0.0478 0.9306 
602 0.0493 -0.0020 0.9228 
603 0.0742 -0.0259 0.9570 
604 0.0342 0.0337 0.9531 
605 0.0488 0.0669 0.9262 
606 0.0098 0.0102 0.9433 
607 0.0610 -0.0259 0.9404 
608 0.0571 0.0288 0.9638 
609 0.0449 -0.0429 0.9409 
610 0.0249 -0.0390 0.8989 
611 0.0615 -0.0439 0.9345 
612 0.0654 0.0390 0.9130 
613 0.0068 -0.0337 0.9194 
614 0.0708 -0.0869 0.9662 
615 0.0756 0.0844 0.9370 
616 0.0122 -0.0249 0.9370 
617 0.0464 -0.0068 0.9370 
618 0.0673 0.0229 0.9701 
619 0.0810 -0.0410 0.9252 
620 0.0234 -0.0630 0.9204 
621 0.0659 -0.0312 0.9433 
622 0.0005 -0.0151 0.9199 
623 0.0205 -0.0517 0.9697 
624 0.0171 -0.0312 0.9335 
625 0.0102 -0.0254 0.9594 
626 0.0273 -0.0239 0.9516 
627 0.0551 0.0337 0.9140 
628 0.0722 -0.0400 0.9453 
629 0.0142 -0.0717 0.9101 
630 0.0210 -0.0966 0.9311 
631 0.0659 0.0034 0.9633 
632 0.0220 -0.0127 0.9389 
633 0.0112 0.0146 0.9301 
634 0.0830 -0.0395 0.8852 
635 0.0151 0.0493 0.9496 
636 0.0561 -0.0527 0.9623 
637 0.0488 -0.0264 0.9531 
638 0.0698 -0.0590 0.9233 
639 0.0361 -0.0742 1.0063 
640 -0.0161 -0.0312 0.8823 
641 0.0717 -0.0893 0.9126 
642 -0.0132 0.0498 0.9213 
643 0.0922 -0.0415 0.9516 
644 0.0400 -0.0166 0.9311 
645 0.0366 -0.0264 0.9658 
646 0.0288 0.0693 0.9457 
647 0.0342 0.0068 0.9384 
648 0.0176 0.0312 0.9740 
649 0.0547 -0.0034 0.9536 
650 0.0444 -0.0610 0.9379 
651 0.0239 -0.0249 0.9848 
652 0.0083 -0.0361 0.9618 
653 0.0137 -0.0649 0.9326 
654 0.0283 0.0605 0.9370 
655 0.0444 -0.0005 0.9570 
656 0.0264 -0.0298 0.9618 
657 -0.0239 0.0312 0.9848 
658 0.1088 -0.0410 0.9155 
659 0.0244 -0.0371 0.9394 
660 0.0303 -0.0029 0.9838 
661 0.0303 -0.0156 0.8955 
662 0.0395 -0.0386 0.9453 
663 0.0024 -0.0366 0.9438 
664 0.0532 -0.0386 0.9760 
665 0.0449 -0.0244 0.9404 
666 0.0005 -0.0244 0.9233 
667 0.0049 0.0342 0.9697 
668 0.0459 -0.0181 0.9335 
669 0.0615 -0.0600 0.9179 
670 0.0547 -0.0366 0.9243 
671 0.0342 0.0000 0.9453 
672 0.0561 0.0010 0.9472 
673 0.0351 -0.0659 0.9716 
674 0.0132 -0.0283 0.9301 
675 0.0913 -0.0307 0.9111 
676 0.0381 -0.0220 0.9706 
677 -0.0176 0.0059 0.9916 
678 0.1044 -0.0239 0.9711 
679 0.0864 -0.0073 0.9292 
680 0.0107 -0.0410 0.9238 
681 0.0468 -0.0566 0.9209 
682 -0.0034 -0.0298 0.9379 
683 0.0215 0.0146 0.9038 
684 0.0420 -0.0112 0.8965 
685 0.0732 -0.0415 0.9218 
686 0.0542 -0.0439 0.9853 
687 0.0244 -0.0200 0.9394 
688 0.0449 -0.0395 0.9448 
689 0.0259 -0.0337 0.9433 
690 0.0142 0.0610 0.9331 
691 0.0264 -0.0102 0.9433 
692 0.1098 -0.0405 0.9399 
693 0.0449 0.0039 0.9145 
694 0.0376 -0.0669 0.9306 
695 0.0703 -0.0122 0.9370 
696 -0.0117 -0.0122 0.9575 
697 0.0088 -0.0561 0.9482 
698 0.0307 -0.0883 0.9282 
699 0.0522 -0.0395 0.9565 
700 0.0166 -0.0112 0.9384 
701 0.0410 0.0102 0.9194 
702 0.0478 0.0059 0.9384 
703 0.0795 -0.0498 0.9667 
704 0.0556 0.0234 0.9409 
705 0.0854 0.0029 0.9150 
706 0.0151 -0.0669 0.9618 
707 0.0659 -0.0190 0.9472 
708 0.0839 0.0166 0.9677 
709 0.0259 -0.0054 0.9594 
710 0.0073 0.0386 0.9091 
711 0.0429 -0.0229 0.9287 
712 0.0137 -0.0434 0.9379 
713 0.0107 -0.0303 0.9750 
714 0.0517 0.0508 0.9418 
715 0.0400 -0.0200 0.9462 
716 0.0600 0.0137 0.9389 
717 0.0346 0.0493 0.9453 
718 0.0493 -0.0112 0.9453 
719 0.1025 -0.0908 0.9414 
720 -0.0288 -0.0771 0.9736 
721 0.0059 -0.0181 0.9545 
722 0.0464 -0.0181 0.9443 
723 0.0000 0.0063 0.9331 
724 0.0874 -0.0029 0.9228 
725 0.0742 0.0161 0.9379 
726 0.0698 0.0117 0.9814 
727 0.0512 0.0171 0.9033 
728 0.0659 0.0181 0.9394 
729 0.0132 0.0005 0.9091 
730 0.0112 -0.0708 0.9472 
731 0.0376 -0.0112 0.9492 
732 0.0371 0.0063 0.9409 
733 0.0547 -0.0307 0.9457 
734 0.0283 -0.0244 0.9701 
735 0.1098 -0.0039 0.9701 
736 0.0224 -0.0039 0.9423 
737 0.0483 -0.0229 0.9760 
738 0.0425 -0.0273 0.9438 
739 -0.0210 -0.0044 0.9472 
740 0.0825 -0.0034 0.9414 
741 0.0288 -0.0156 0.9882 
742 0.0303 -0.0181 0.9599 
743 0.0595 -0.1064 0.9711 
744 0.0444 -0.0366 0.9643 
745 0.0151 -0.0464 0.9643 
746 0.0483 -0.0078 0.9584 
747 0.0054 -0.0322 0.9101 
748 0.0830 -0.0595 0.9467 
749 0.0298 -0.0059 0.9599 
750 0.0068 0.0137 0.9658 
751 0.0517 -0.0078 0.9326 
752 0.0620 -0.0346 0.9755 
753 0.0532 0.0176 0.9692 
754 0.0068 0.0322 0.9067 
755 0.0512 -0.0483 0.9374 
756 0.0420 -0.0195 0.9443 
757 0.0615 -0.0122 0.9545 
758 0.0874 -0.0830 0.9394 
759 0.0386 0.0356 0.9165 
760 0.1269 -0.0434 0.9062 
761 0.0776 -0.0049 0.9799 
762 0.0820 -0.0264 0.9457 
763 0.0410 0.0195 0.9736 
764 0.0512 -0.0346 0.9379 
765 -0.0020 -0.0303 0.9326 
766 0.0024 -0.0376 0.8974 
767 0.0542 -0.0259 0.9477 
768 0.0234 0.0068 0.9672 
769 0.0468 -0.0664 0.9575 
770 -0.0215 -0.0386 0.9682 
771 0.0239 -0.0146 0.9565 
772 0.0371 -0.0010 0.9496 
773 0.0234 0.0288 0.9335 
774 0.0181 -0.0132 0.9140 
775 0.0649 0.0210 0.9589 
776 0.0210 0.0561 0.9570 
777 0.0605 0.0224 0.9516 
778 0.0459 -0.0293 0.9277 
779 0.0639 -0.0459 0.9609 
780 0.0888 0.0122 0.9521 
781 0.0332 0.0259 0.9150 
782 0.0083 0.0112 0.9160 
783 0.0283 -0.0634 0.9414 
784 0.0576 0.0556 0.9135 
785 0.0673 0.0239 0.9487 
786 0.0576 0.0020 0.9599 
787 0.0571 0.0317 0.9643 
788 0.0444 0.0366 0.9472 
789 0.0000 -0.0605 0.9433 
790 0.0498 0.0185 0.9775 
791 0.0151 -0.0244 0.9843 
792 0.0551 -0.0468 0.9184 
793 0.0195 0.0029 0.9355 
794 0.0815 -0.0625 0.9472 
795 0.0556 0.0000 0.9233 
796 0.0264 0.0176 0.9043 
797 0.0747 -0.0093 0.9658 
798 0.0342 -0.0498 0.8896 
799 0.0688 -0.0468 0.9384 
800 0.0293 -0.0078 0.9257 
801 0.0342 -0.0049 0.9223 
802 0.0532 0.0093 0.9687 
803 0.0122 -0.0293 0.9423 
804 0.0249 -0.0083 0.9340 
805 0.0171 0.0102 0.9267 
806 0.0488 -0.0117 0.9653 
807 0.0625 -0.0234 0.9711 
808 0.0288 -0.0010 0.9306 
809 0.0854 0.0254 0.9521 
810 0.0620 -0.0376 0.9165 
811 0.0566 0.0005 0.9496 
812 0.0268 0.0312 0.9082 
813 0.0556 0.0215 0.9438 
814 0.0151 0.0132 0.9048 
815 0.0439 0.0288 0.9321 
816 0.0307 -0.0312 0.9179 
817 0.1054 -0.0117 0.9545 
818 0.0327 0.0088 0.9672 
819 0.0478 0.0059 0.9604 
820 0.0185 -0.0581 0.9945 
821 0.0146 -0.0215 0.9887 
822 0.0508 -0.0683 0.9492 
823 0.0556 -0.0605 0.9677 
824 0.1205 -0.0171 0.9223 
825 0.0332 -0.0117 0.9457 
826 0.0947 -0.0376 0.9540 
827 -0.0356 0.0059 0.9301 
828 0.0512 -0.0371 0.9199 
829 0.0342 -0.1074 0.9477 
830 0.0278 -0.0122 0.9311 
831 0.0024 -0.0264 0.9399 
832 0.0420 -0.0010 0.9618 
833 0.0000 -0.0410 0.8833 
834 0.0595 0.0073 0.9501 
835 0.0630 -0.0312 0.9140 
836 -0.0034 -0.0039 0.9589 
837 0.0586 0.0224 0.9223 
838 0.0654 -0.0376 0.9013 
839 0.0508 0.0098 0.9765 
840 0.0410 -0.0776 0.9394 
841 0.0498 -0.0078 0.9428 
842 0.0220 0.0556 0.9536 
843 0.0644 0.0376 0.9409 
844 0.0137 -0.0088 0.9453 
845 0.0298 -0.0473 0.9501 
846 0.0127 0.0620 0.9677 
847 0.0098 0.0185 0.9394 
848 0.0503 0.0381 0.9228 
849 0.0913 -0.0595 0.9282 
850 0.1049 -0.0171 0.9130 
851 0.0878 -0.0278 0.9287 
852 0.0127 0.0434 0.9296 
853 0.0878 -0.0112 0.9794 
854 0.0078 -0.0444 0.9306 
855 0.0556 -0.0029 0.9667 
856 -0.0102 -0.0268 0.9496 
857 0.0547 -0.0630 0.9414 
858 0.0678 -0.0420 0.9252 
859 0.0737 -0.0488 0.9287 
860 0.0493 -0.0176 0.9340 
861 0.0883 -0.0283 0.9365 
862 0.1098 -0.0693 0.8989 
863 0.0185 -0.0712 0.9823 
864 0.0630 -0.0254 0.9301 
865 0.0405 0.0224 0.9467 
866 0.0444 0.0342 0.9726 
867 0.0776 -0.0166 0.9560 
868 0.0473 0.0142 0.9760 
869 0.0693 -0.0342 0.9633 
870 0.0581 -0.0429 0.9428 
871 0.0288 -0.0722 0.9418 
872 0.0220 0.0098 0.9277 
873 0.0727 -0.0273 0.9672 
874 0.1064 -0.0098 0.9292 
875 0.0581 -0.0605 0.9428 
876 0.0405 0.0454 0.9370 
877 0.0586 -0.0537 0.9555 
878 0.0693 -0.0034 0.9165 
879 0.0176 0.0010 0.9731 
880 0.0673 0.0278 0.9579 
881 0.0825 0.0215 0.9687 
882 0.0176 -0.0117 0.9267 
883 0.0132 0.0434 0.9106 
884 0.0712 -0.0459 0.9765 
885 0.0898 -0.0185 0.9453 
886 0.0307 -0.0595 0.9833 
887 0.0307 0.0400 0.9599 
888 0.0351 -0.0571 0.9374 
889 0.0727 -0.0298 0.9526 
890 0.0122 -0.0620 0.9292 
891 0.0454 -0.0493 0.9262 
892 0.0649 0.0185 0.9487 
893 0.0566 0.0210 0.9174 
894 0.0098 -0.0659 0.9140 
895 0.0634 0.0195 0.9633 
896 0.0244 -0.0137 0.9594 
897 0.0449 -0.0630 0.9428 
898 0.0712 -0.0273 0.9711 
899 0.0288 -0.0454 0.9365 
900 0.0371 -0.0527 0.9609 
901 0.0708 -0.0239 0.9677 
902 0.0898 0.0000 0.9565 
903 0.0517 -0.0244 0.9043 
904 0.0625 -0.0268 0.9213 
905 0.1064 -0.0468 0.9487 
906 0.0283 -0.0171 0.8999 
907 0.0454 -0.0600 0.9282 
908 0.0210 -0.0444 0.9170 
909 0.0122 0.0483 0.9789 
910 0.0434 -0.0473 0.8945 
911 0.0717 -0.0625 0.9994 
912 0.0371 -0.0288 0.9667 
913 0.0498 -0.0630 0.9472 
914 -0.0088 -0.0366 0.9618 
915 0.0229 0.0800 0.9501 
916 0.0390 -0.0747 0.9414 
917 0.0366 -0.0327 0.9374 
918 0.0185 -0.0669 0.9160 
919 0.0376 -0.0556 0.9355 
920 0.0268 0.0356 0.9540 
921 0.0405 0.0234 0.9165 
922 0.0615 0.0366 0.9638 
923 0.0874 -0.0063 0.9667 
924 -0.0102 0.0346 0.9394 
925 0.0351 -0.0249 0.9370 
926 0.0488 0.0322 0.9662 
927 0.0503 -0.0488 0.9428 
928 0.0590 0.0239 0.9326 
929 0.0571 -0.0415 0.9736 
930 0.0327 0.0454 0.9692 
931 0.0503 -0.0078 0.9252 
932 0.0888 -0.0459 0.9599 
933 0.0698 -0.0142 0.9355 
934 0.0600 -0.0146 0.9579 
935 0.1386 -0.0054 0.9906 
936 0.0473 -0.0078 0.8974 
937 0.0371 -0.0195 0.9555 
938 0.0996 0.0761 0.9301 
939 0.0722 -0.0088 0.9277 
940 0.0088 -0.0049 0.9277 
941 0.0459 -0.0273 0.9565 
942 0.0561 -0.0678 0.9736 
943 0.0791 -0.0434 0.9321 
944 -0.0059 -0.0346 0.9238 
945 0.0073 -0.0234 0.9658 
946 0.0288 -0.0254 0.9750 
947 0.0185 0.0551 0.9526 
948 0.0239 -0.0376 0.9355 
949 0.0029 -0.0185 0.9199 
950 0.0342 0.0195 0.9414 
951 0.0415 -0.0395 0.9848 
952 0.0181 -0.0190 0.9511 
953 0.0795 0.0259 0.9853 
954 0.0244 -0.0488 0.9511 
955 0.0810 -0.0102 0.9633 
956 0.0698 0.0005 0.8994 
957 0.0537 -0.0322 0.9428 
958 0.0268 -0.0146 0.9594 
959 0.0410 -0.0166 0.9599 
960 0.1025 -0.0200 0.9653 
961 -0.0195 -0.0512 0.9482 
962 0.0181 0.0068 0.8984 
963 0.0293 -0.0029 0.9477 
964 0.0151 -0.0542 0.9492 
965 0.0800 0.0020 0.9428 
966 0.0508 0.0020 0.9160 
967 0.0371 0.0034 0.9170 
968 0.0742 -0.0073 0.9389 
969 -0.0093 -0.0112 0.9238 
970 0.0566 -0.0322 0.9692 
971 0.0537 -0.0737 0.9575 
972 0.0551 -0.0337 0.9584 
973 0.0712 -0.0312 0.9492 
974 0.0512 0.0073 0.9350 
975 0.0420 -0.0195 0.9101 
976 -0.0205 -0.0205 0.9550 
977 0.0142 -0.0220 0.9902 
978 0.0405 -0.0010 0.9155 
979 0.0351 -0.0366 0.9267 
980 0.0478 -0.0156 0.9633 
981 0.0922 0.0220 0.9272 
982 0.0234 0.0371 0.9565 
983 0.0571 -0.0605 0.9399 
984 0.0473 -0.0210 0.9892 
985 0.0576 0.0185 0.9209 
986 0.0063 -0.0698 0.9438 
987 0.0996 -0.0586 0.9604 
988 0.0259 -0.0200 0.9043 
989 0.0649 -0.0361 0.9394 
990 0.0444 -0.0493 0.9492 
991 -0.0366 -0.0127 0.9184 
992 0.1127 0.0122 0.9482 
993 0.0351 -0.0088 0.9321 
994 0.0952 0.0434 0.9223 
995 -0.0244 -0.0312 0.9643 
996 0.0346 -0.0249 0.9487 
997 0.0156 -0.0185 0.9091 
998 0.0429 -0.0322 0.9443 
999 0.0132 0.0044 0.9365 
1000 0.0727 0.0239 0.9409 
1001 0.0137 -0.0190 0.9853 
1002 0.0537 0.0195 0.8867 
1003 0.0781 -0.0556 0.9287 
1004 -0.0288 -0.0630 0.9257 
1005 0.0849 0.0020 0.9438 
1006 0.0200 -0.0449 0.9233 
1007 0.0244 0.0049 0.9423 
1008 0.0517 0.0029 0.9462 
1009 -0.0078 -0.0459 0.9326 
1010 -0.0146 0.0020 0.9282 
1011 0.0571 0.0078 0.9555 
1012 0.0327 -0.0434 0.9428 
1013 0.0195 -0.0498 0.9331 
1014 0.0293 -0.0195 0.9536 
1015 0.0756 -0.0625 0.9423 
1016 0.0298 -0.0205 0.9389 
1017 -0.0102 -0.0254 0.9526 
1018 0.0488 -0.0264 0.9311 
1019 0.0049 -0.0590 0.9858 
1020 0.0425 0.0415 0.9370 
1021 0.0737 -0.0625 0.9575 
1022 -0.0020 -0.0913 0.9409 
1023 0.0390 -0.0532 0.9316 
1024 0.0298 0.0239 0.9453 
1025 0.0444 -0.0112 0.9331 
1026 0.0571 -0.0098 0.9272 
1027 0.0537 -0.0088 0.9472 
1028 -0.0093 -0.0332 0.9496 
1029 0.0264 -0.0449 0.9521 
1030 0.0459 -0.0786 1.0131 
1031 0.0205 -0.0205 0.9370 
1032 -0.0010 -0.0678 0.9370 
1033 0.0137 -0.0542 0.9326 
1034 0.0371 -0.0303 0.9106 
1035 0.0425 -0.0883 0.9506 
1036 0.0371 -0.0278 0.9414 
1037 0.0683 -0.0366 0.9292 
1038 0.0595 -0.0747 0.9858 
1039 -0.0088 -0.0678 0.9457 
1040 0.0537 0.0351 0.9048 
1041 0.0498 0.0185 0.9409 
1042 0.0142 -0.0337 0.9628 
1043 0.0254 -0.0161 0.9170 
1044 0.0166 -0.0317 0.9579 
1045 0.0259 -0.0805 0.9414 
1046 0.1078 -0.0283 0.9697 
1047 0.0215 -0.0429 0.9365 
1048 0.0717 0.0142 0.9209 
1049 0.0322 -0.0410 0.9023 
1050 0.0093 -0.0288 0.9233 
1051 0.0390 -0.0068 0.9394 
1052 0.0351 0.0420 0.9448 
1053 0.0444 -0.0376 0.9194 
1054 0.0493 -0.0088 0.9862 
1055 0.0390 -0.0590 0.9448 
1056 0.0088 -0.0244 0.9052 
1057 -0.0132 0.0049 0.9770 
1058 0.0712 -0.0478 0.9389 
1059 0.0483 0.0278 0.9584 
1060 0.0346 -0.0024 0.9784 
1061 0.0483 0.0049 0.9550 
1062 0.0669 -0.0576 0.9243 
1063 0.0049 -0.0063 0.9155 
1064 0.0493 0.0176 0.9638 
1065 0.0293 -0.0361 0.9262 
1066 0.0303 -0.0464 0.9448 
1067 0.0298 0.0346 0.9355 
1068 0.0210 0.0366 0.9052 
1069 0.0234 -0.0093 0.9243 
1070 0.0654 -0.0073 0.9550 
1071 0.0615 -0.0185 0.9257 
1072 0.0049 0.0024 0.9521 
1073 0.0210 0.0093 0.9365 
1074 0.0190 0.0590 0.8979 
1075 0.0834 -0.0342 0.9394 
1076 0.0551 -0.0020 0.9477 
1077 0.0444 0.0205 0.9682 
1078 0.0654 -0.0181 0.9008 
1079 0.0468 0.0078 0.9257 
1080 0.0444 -0.0176 0.9121 
1081 0.0346 0.0073 0.9545 
1082 0.0434 0.0020 0.9521 
1083 0.0195 -0.0181 0.9243 
1084 0.0825 0.0146 0.9243 
1085 0.0400 -0.0356 0.9248 
1086 0.0976 -0.0503 0.9770 
1087 0.0288 -0.0088 0.9135 
1088 0.0400 -0.0625 0.9409 
1089 0.0678 -0.0088 0.9662 
1090 0.0264 0.0303 0.9023 
1091 0.0425 0.0102 0.9536 
1092 -0.0039 -0.0381 0.9584 
1093 0.0459 -0.0015 0.9575 
1094 0.0327 -0.0634 0.9116 
1095 0.0473 -0.0176 0.9301 
1096 0.0532 -0.0224 0.9316 
1097 0.0722 -0.0073 0.9257 
1098 0.0342 -0.0459 0.9467 
1099 0.0088 -0.0239 0.9838 
1100 0.0649 -0.0332 0.9579 
1101 0.0327 -0.0171 0.9126 
1102 0.0181 0.0449 0.9775 
1103 0.0649 -0.0176 0.9555 
1104 0.0615 -0.0185 0.9604 
1105 0.0307 -0.0303 0.9213 
1106 0.0747 -0.0229 0.9570 
1107 0.0473 -0.0117 0.9443 
1108 0.0317 -0.0464 0.9453 
1109 0.0205 -0.0254 0.9496 
1110 0.0366 -0.0586 0.9672 
1111 0.0283 0.0181 0.9809 
1112 -0.0049 0.0127 0.9662 
1113 0.0576 -0.0249 0.9697 
1114 0.0024 -0.0278 0.9414 
1115 0.0063 -0.0356 0.9252 
1116 0.0356 -0.0239 0.9448 
1117 0.0298 -0.0420 0.9321 
1118 0.0400 0.0117 0.9492 
1119 0.0127 -0.0317 0.9350 
1120 0.0483 -0.0342 0.9521 
1121 0.0981 0.0117 0.9399 
1122 0.0234 -0.0688 0.9394 
1123 0.0795 -0.0288 0.9560 
1124 0.0844 -0.0039 0.9682 
1125 0.0425 -0.0488 0.9170 
1126 0.0932 -0.0142 0.9257 
1127 0.0098 -0.0132 0.9374 
1128 -0.0307 -0.0034 0.9331 
1129 0.0229 0.0625 0.9677 
1130 -0.0015 0.0024 0.9409 
1131 0.0742 -0.0254 0.9560 
1132 0.0595 0.0015 0.9199 
1133 0.0298 -0.0356 0.9653 
1134 0.0532 -0.0151 0.9496 
1135 0.0112 -0.0786 0.9311 
1136 0.0137 -0.0268 0.9096 
1137 0.0547 -0.0410 0.9365 
1138 -0.0107 -0.0551 0.9443 
1139 0.0503 -0.0112 0.9443 
1140 0.0849 -0.0024 0.9701 
1141 0.0454 -0.0747 0.9565 
1142 0.0210 -0.0449 0.9584 
1143 0.0512 -0.0181 0.9448 
1144 0.0561 -0.0273 0.9799 
1145 0.0478 0.0268 0.9374 
1146 0.0200 0.0249 0.9531 
1147 0.0024 0.0586 0.9789 
1148 0.0063 -0.0127 0.9594 
1149 -0.0068 -0.0800 0.9199 
1150 0.0542 0.0015 0.9243 
1151 0.0605 0.0083 0.9321 
1152 0.0102 -0.0400 0.9116 
1153 0.0044 -0.0859 0.9179 
1154 0.0244 -0.0234 0.9316 
1155 0.0834 0.0054 0.9360 
1156 0.0288 -0.1049 0.9599 
1157 0.0337 -0.0078 0.8886 
1158 0.0820 -0.0224 0.9531 
1159 0.0732 0.0117 0.9545 
1160 0.0073 -0.0834 0.9477 
1161 0.0034 -0.0425 0.9487 
1162 0.0464 -0.0142 0.9550 
1163 0.0703 0.0698 0.9199 
1164 0.0566 0.0146 0.9536 
1165 0.0185 -0.0146 0.9370 
1166 0.0737 -0.0020 0.9448 
1167 0.0644 -0.0956 0.9316 
1168 0.0405 -0.0073 0.9018 
1169 0.0996 -0.0332 0.9448 
1170 0.0883 0.0405 0.9775 
1171 0.0464 0.0190 0.9130 
1172 0.0678 0.0215 0.9296 
1173 0.0576 -0.0371 0.9506 
1174 0.0000 -0.0102 0.9262 
1175 0.0766 -0.0224 0.9204 
1176 0.0688 -0.0303 0.9462 
1177 -0.0054 -0.0098 0.9653 
1178 0.0527 -0.0229 0.9706 
1179 0.0200 -0.0254 0.9106 
1180 0.0478 -0.0307 0.9414 
1181 0.0800 -0.0381 0.9521 
1182 0.0449 -0.0444 0.9384 
1183 0.0332 -0.0351 0.9540 
1184 0.0664 -0.0508 0.9213 
1185 0.0317 -0.0869 0.9618 
1186 0.0054 -0.0449 0.9531 
1187 0.0908 -0.0551 0.9496 
1188 0.0547 -0.0493 0.9160 
1189 0.0493 -0.0142 0.9540 
1190 0.0229 -0.0010 0.9189 
1191 0.0508 -0.0390 0.9218 
1192 0.0327 -0.0239 0.9194 
1193 0.0737 -0.0063 0.9179 
1194 0.0024 -0.0669 0.9409 
1195 0.0459 -0.0088 0.9623 
1196 0.0146 0.0029 0.9760 
1197 0.0298 -0.0503 0.9179 
1198 0.0459 -0.0376 1.0102 
1199 0.0698 -0.0283 0.9501 
1200 0.0561 -0.0044 0.9238 
1201 0.0956 0.0268 0.9555 
1202 0.0634 -0.0034 0.9370 
1203 0.0337 -0.0361 0.9599 
1204 0.0063 -0.0234 0.9579 
1205 0.0576 -0.0556 0.9379 
1206 0.0683 -0.0083 0.9536 
1207 0.0112 -0.1044 0.9174 
1208 0.0634 0.0254 0.9882 
1209 0.0771 0.0137 0.9477 
1210 0.0922 -0.0039 0.9165 
1211 -0.0273 -0.0654 0.9760 
1212 0.0312 0.0029 0.8891 
1213 0.0678 -0.0473 0.9384 
1214 0.0356 0.0142 0.8999 
1215 0.0673 -0.0322 0.9335 
1216 0.0425 -0.0400 0.9462 
1217 0.0361 -0.0508 0.9379 
1218 0.0283 -0.0195 0.9726 
1219 0.0273 -0.0332 0.9116 
1220 0.0078 -0.0117 0.9179 
1221 0.0039 -0.0288 0.9809 
1222 0.0415 -0.0795 0.9301 
1223 0.0717 -0.0434 0.9111 
1224 0.0283 0.0029 0.9672 
1225 0.0322 -0.0224 0.9194 
1226 0.0698 0.0883 0.9555 
1227 0.0293 -0.0459 0.8823 
1228 0.0795 -0.0185 0.9467 
1229 0.0439 0.0117 0.9438 
1230 0.0508 -0.0630 0.9980 
1231 0.0200 -0.0483 0.9536 
1232 -0.0010 -0.0107 0.9706 
1233 -0.0142 0.0034 0.9262 
1234 0.0220 0.0190 0.9414 
1235 0.0044 -0.0356 0.9428 
1236 0.0610 0.0547 0.9272 
1237 0.0210 -0.0688 0.9462 
1238 0.0176 -0.0024 0.9531 
1239 0.0205 -0.0239 0.9472 
1240 0.0649 -0.0102 0.9448 
1241 0.0498 -0.0049 0.9321 
1242 0.1020 -0.0312 0.9687 
1243 -0.0093 -0.0293 0.9477 
1244 -0.0054 -0.0093 0.9301 
1245 0.0659 -0.0156 0.9648 
1246 0.0068 -0.0312 0.9428 
1247 0.0366 -0.0102 1.0082 
1248 0.0405 0.0024 0.9023 
1249 0.0722 -0.0210 0.9389 
1250 0.0712 0.0000 0.9282 
1251 0.0454 -0.0351 0.9018 
1252 0.0717 -0.0454 0.9760 
1253 -0.0005 0.0400 0.9457 
1254 0.0644 0.0102 0.8930 
1255 0.1088 -0.0566 0.9418 
1256 0.0288 -0.0698 0.9633 
1257 0.0688 -0.0532 0.9355 
1258 0.0351 -0.0468 0.9399 
1259 -0.0210 -0.0122 0.9043 
1260 0.0439 -0.0405 0.9780 
1261 0.0425 -0.0376 0.9428 
1262 0.0586 -0.0600 0.9648 
1263 0.0146 0.0044 0.9638 
1264 0.0224 0.0176 0.9311 
1265 0.0166 -0.0024 0.9287 
1266 0.0434 -0.0434 0.9789 
1267 0.0771 0.0029 0.9370 
1268 0.0142 -0.0068 0.9106 
1269 0.0727 -0.0078 0.9428 
1270 0.0771 0.0220 0.8896 
1271 0.0683 -0.0376 0.9721 
1272 0.0771 -0.0322 0.9082 
1273 0.0303 -0.0244 0.9740 
1274 0.0068 -0.0820 0.9472 
1275 0.0708 0.0073 0.9082 
1276 0.0586 -0.0346 0.9301 
1277 0.0561 -0.0249 0.9331 
1278 0.0220 0.0122 0.9589 
1279 0.0586 -0.0356 0.9130 
1280 0.0098 -0.0742 0.9560 
1281 -0.0020 -0.0229 0.9223 
1282 0.0605 -0.0830 0.9658 
1283 0.0537 -0.0771 0.9453 
1284 0.0337 -0.0361 0.9443 
1285 0.0620 -0.0898 0.9057 
1286 0.0473 0.0478 0.9228 
1287 0.0317 0.0034 0.9379 
1288 0.0185 -0.0122 0.9365 
1289 -0.0117 -0.0659 0.9345 
1290 0.0371 -0.0483 0.9506 
1291 0.0342 0.0029 0.9496 
1292 0.0815 -0.0415 0.9277 
1293 0.0537 -0.0303 0.9257 
1294 0.0444 -0.0268 0.9321 
1295 0.0786 0.0010 0.9077 
1296 0.0551 -0.0415 0.9750 
1297 0.0293 -0.0278 0.9243 
1298 0.0156 0.0264 0.9189 
1299 -0.0215 -0.0547 0.8911 
1300 0.0678 -0.0146 0.8891 
1301 0.0400 -0.0137 0.9345 
1302 0.0571 0.0024 0.9360 
1303 0.0537 -0.0288 0.9101 
1304 0.1313 -0.0142 0.9648 
1305 0.0068 -0.0093 0.9697 
1306 0.0405 -0.0351 0.9540 
1307 0.0732 -0.0156 0.9438 
1308 0.0859 -0.0483 1.0067 
1309 0.0400 0.0312 0.9614 
1310 0.0932 -0.0176 0.9267 
1311 0.0190 -0.0468 0.9350 
1312 0.0156 -0.0122 0.9184 
1313 0.0429 -0.0307 0.9862 
1314 0.0224 -0.0015 0.9165 
1315 0.0376 -0.0142 0.9170 
1316 0.0146 -0.0327 0.9267 
1317 0.0508 -0.0049 0.9740 
1318 0.0371 -0.0288 0.9506 
1319 0.0488 0.0229 0.9492 
1320 0.0273 -0.0195 0.9599 
1321 0.0927 0.0210 0.9662 
1322 0.0185 0.0400 0.9521 
1323 0.0590 0.0283 0.9487 
1324 0.0098 0.0298 0.9287 
1325 0.0839 0.0444 0.9155 
1326 0.0449 -0.0449 0.9726 
1327 0.0586 -0.0098 0.9292 
1328 0.0664 -0.0468 0.9204 
1329 0.0625 -0.0190 0.9472 
1330 0.0029 0.0220 0.9536 
1331 0.0742 -0.0049 0.9321 
1332 0.0522 -0.0390 0.9614 
1333 0.0747 -0.0381 0.9862 
1334 0.0561 -0.0386 0.9472 
1335 0.0576 -0.0024 0.9667 
1336 0.0478 -0.0400 0.9628 
1337 0.0659 -0.0088 0.9418 
1338 0.0429 -0.0576 0.9428 
1339 0.0844 -0.0293 0.9623 
1340 0.0063 -0.0659 0.9374 
1341 0.0117 0.0005 0.9418 
1342 0.0576 -0.0029 0.9399 
1343 0.0859 -0.0264 0.9618 
1344 0.0361 -0.0630 0.9248 
1345 0.0478 -0.0747 0.9150 
1346 0.0825 -0.0102 0.8945 
1347 0.0405 -0.0171 0.9511 
1348 0.0752 0.0063 0.9335 
1349 0.1322 -0.0390 0.9579 
1350 0.0273 -0.0346 0.9184 
1351 0.0283 -0.1171 0.9350 
1352 0.0312 -0.0698 0.9770 
1353 0.0342 0.0185 0.9701 
1354 -0.0151 0.0049 0.9418 
1355 0.0000 -0.0122 0.9091 
1356 0.0595 -0.0571 0.9306 
1357 -0.0083 -0.0444 0.9682 
1358 -0.0044 -0.0317 0.9233 
1359 0.0625 -0.0488 0.9418 
1360 0.0410 -0.0117 0.9409 
1361 0.0542 -0.0303 0.9423 
1362 0.0478 -0.0307 0.9467 
1363 0.0283 0.0478 0.9643 
1364 0.0181 -0.0015 0.9482 
1365 0.0415 -0.0259 0.9311 
1366 0.0864 -0.0024 0.9609 
1367 0.0644 -0.0381 0.9394 
1368 0.0693 0.0112 0.9570 
1369 0.0459 -0.0669 0.9472 
1370 0.0654 0.0176 0.9643 
1371 0.0630 0.0444 0.9677 
1372 0.0234 0.0122 0.9267 
1373 0.0620 -0.0556 0.9209 
1374 0.0215 0.0215 0.9579 
1375 0.0395 -0.0063 0.9521 
1376 0.0766 -0.0288 0.9331 
1377 0.0244 -0.0464 0.9643 
1378 0.0234 -0.0142 0.9438 
1379 0.0503 -0.0283 0.9472 
1380 0.0293 -0.0249 0.9374 
1381 0.0039 -0.0410 0.9350 
1382 0.0146 -0.0473 0.9292 
1383 0.0781 -0.0415 0.9301 
1384 0.0815 -0.0205 0.9394 
1385 0.1196 -0.0683 0.9248 
1386 0.0127 0.0102 0.9745 
1387 0.0503 -0.0473 0.9570 
1388 0.0512 0.0093 0.9858 
1389 0.0693 -0.0346 0.9496 
1390 0.0961 -0.0449 0.9316 
1391 0.0395 -0.0805 0.9453 
1392 0.0913 -0.0117 0.9662 
1393 0.0098 -0.0473 0.9306 
1394 -0.0137 -0.0264 0.9418 
1395 0.0561 -0.0288 0.9472 
1396 0.0356 -0.0303 0.9335 
1397 0.0722 -0.0420 0.9604 
1398 0.0498 -0.0693 0.9296 
1399 0.0586 0.0078 0.9389 
1400 0.0893 -0.0508 0.9789 
1401 0.0449 -0.0664 0.9272 
1402 0.0800 -0.0307 0.9360 
1403 0.1220 -0.0073 0.9140 
1404 0.0425 -0.0346 0.9623 
1405 0.0683 -0.1000 0.9760 
1406 0.0117 0.0376 0.9389 
1407 0.0610 0.0181 0.9511 
1408 0.0590 0.0156 0.9301 
1409 0.0683 -0.0229 0.9374 
1410 0.0386 -0.0351 0.9399 
1411 0.0190 -0.0142 0.9614 
1412 0.0864 -0.0434 0.9511 
1413 0.0107 -0.0576 0.9301 
1414 0.0390 -0.0381 0.9340 
1415 0.0142 -0.0483 0.9526 
1416 0.0654 0.0371 0.8774 
1417 0.0654 -0.0410 0.9379 
1418 0.0669 -0.0381 0.9262 
1419 0.0747 -0.0278 0.9643 
1420 0.0659 -0.0044 0.9482 
1421 0.0698 -0.0644 0.9765 
1422 0.0878 0.0098 0.9618 
1423 0.0205 -0.0429 0.9687 
1424 0.0908 0.0034 0.9448 
1425 0.0342 -0.0874 0.9209 
1426 0.0649 -0.0322 0.9360 
1427 0.0576 0.0020 0.9848 
1428 0.0054 -0.0434 0.9521 
1429 0.1103 -0.0224 0.9536 
1430 0.0483 -0.0088 0.9443 
1431 0.0254 -0.0605 0.9745 
1432 0.0356 -0.0303 0.9311 
1433 0.0303 -0.0190 0.9292 
1434 0.0527 -0.0381 0.9980 
1435 0.0966 -0.0483 0.9618 
1436 0.0586 -0.0190 0.9296 
1437 0.0337 0.0249 0.9667 
1438 0.0708 -0.0400 0.9448 
1439 -0.0176 -0.0293 0.9179 
1440 0.0810 -0.0093 0.9740 
1441 -0.0093 0.0093 0.9648 
1442 0.0781 0.0220 0.9233 
1443 0.0151 0.0156 0.9218 
1444 0.0444 -0.0410 0.9628 
1445 0.0098 0.0317 0.9170 
1446 0.0869 -0.0298 0.9516 
1447 0.0015 0.0185 0.9423 
1448 0.0717 -0.0649 0.9496 
1449 0.0595 0.0512 0.9453 
1450 0.0327 -0.0386 0.9072 
1451 0.0639 -0.0693 0.9433 
1452 0.0981 -0.0488 0.9394 
1453 0.0556 -0.0420 0.9267 
1454 0.0673 -0.0215 0.9160 
1455 0.0351 0.0020 0.9233 
1456 0.0029 -0.0815 0.9409 
1457 0.0527 -0.0054 0.9087 
1458 0.0317 -0.0034 0.9272 
1459 0.0190 -0.0600 0.9487 
1460 0.0312 -0.0468 0.9345 
1461 0.0322 -0.0839 0.9457 
1462 0.0791 -0.0117 0.9506 
1463 0.1166 -0.0063 0.9809 
1464 0.0249 -0.0415 0.9536 
1465 0.0527 -0.0468 0.9252 
1466 0.0664 0.0468 0.9902 
1467 0.0834 0.0229 0.9218 
1468 0.0625 -0.0586 0.9799 
1469 0.0610 -0.0571 0.9697 
1470 -0.0039 0.0098 0.9428 
1471 0.0371 -0.0630 0.9091 
1472 0.0590 -0.0063 0.9453 
1473 0.0449 0.0005 0.9638 
1474 0.0259 -0.0449 0.9301 
1475 0.0400 0.0112 0.9272 
1476 0.0317 -0.0586 0.9706 
1477 0.0117 -0.0293 0.9140 
1478 0.0771 -0.0244 0.9038 
1479 0.0639 -0.0786 0.9736 
1480 0.0049 -0.0015 0.9204 
1481 0.1035 -0.0312 0.9374 
1482 0.0127 -0.0088 0.9311 
1483 0.0503 -0.0332 0.9228 
1484 0.0678 0.0049 0.9467 
1485 0.0586 -0.0634 0.9174 
1486 0.1161 0.0200 0.9545 
1487 0.0405 -0.0146 0.9248 
1488 0.0278 -0.0224 0.9501 
1489 0.0366 -0.0346 0.9238 
1490 0.0093 0.0332 0.9145 
1491 0.0317 -0.0205 0.9321 
1492 0.0390 -0.0132 0.9306 
1493 0.0747 -0.0595 0.9174 
1494 0.0669 -0.0898 0.9716 
1495 0.0342 0.0034 0.9170 
1496 0.0200 0.0361 0.9340 
1497 0.0595 -0.0307 0.9877 
1498 -0.0078 -0.0215 0.9150 
1499 0.0634 -0.0722 0.9262 
1500 0.0468 0.0478 0.9750 
1501 0.0742 -0.0264 0.9199 
1502 0.0800 -0.0127 0.9140 
1503 0.0234 -0.0532 0.9414 
1504 0.0239 0.0127 0.9487 
1505 0.0224 -0.0268 0.9643 
1506 0.0493 0.0146 0.9492 
1507 0.0522 -0.0537 0.9555 
1508 0.0595 -0.0449 0.9833 
1509 0.0825 -0.0405 0.9521 
1510 0.0991 0.0117 0.9487 
1511 0.0098 0.0107 0.9335 
1512 0.1235 -0.0386 0.9360 
1513 0.0220 -0.0132 0.9301 
1514 0.0913 -0.0639 0.9697 
1515 -0.0010 0.0015 0.9423 
1516 0.0459 -0.1000 0.9823 
1517 0.1098 -0.0122 0.9555 
1518 -0.0371 0.0088 0.8969 
1519 0.0068 -0.0195 0.8940 
1520 0.0766 -0.0293 0.9780 
1521 0.0512 -0.0098 0.9399 
1522 0.0390 -0.0181 0.9057 
1523 0.0293 -0.0556 0.9184 
1524 0.0156 -0.0268 0.9150 
1525 0.0913 -0.0132 0.9687 
1526 0.0795 -0.0176 0.9936 
1527 0.0493 -0.0039 0.9555 
1528 0.0400 -0.0151 0.9584 
1529 0.0420 -0.0210 0.9760 
1530 0.0127 0.0586 0.9306 
1531 0.0190 -0.0063 0.9370 
1532 -0.0073 0.0307 0.9716 
1533 0.0405 -0.0044 0.9004 
1534 0.0600 -0.0752 0.9404 
1535 0.0303 -0.0351 0.9526 
1536 0.0259 0.0083 0.9384 
1537 0.0390 -0.0288 0.9658 
1538 0.0356 -0.0654 0.9389 
1539 0.0249 -0.0342 0.9360 
1540 0.0293 -0.0073 0.9340 
1541 0.0376 0.0181 0.9814 
1542 0.0249 0.0020 0.9487 
1543 0.0405 -0.0483 0.9433 
1544 0.0259 -0.0142 0.9257 
1545 0.0342 -0.0405 0.9316 
1546 0.0917 -0.0010 0.9472 
1547 0.0478 -0.0683 0.9277 
1548 0.0654 -0.0498 0.9672 
1549 -0.0151 0.0137 0.9292 
1550 0.0327 -0.0620 0.9296 
1551 0.0727 -0.0176 0.9950 
1552 0.0268 -0.0576 0.9355 
1553 0.0376 0.0288 0.9262 
1554 0.0244 -0.0185 0.9306 
1555 0.0503 -0.0464 0.9048 
1556 0.0264 -0.0800 0.9496 
1557 0.0264 -0.0020 0.9394 
1558 0.0600 -0.0288 0.9501 
1559 0.0020 -0.0244 0.9858 
1560 0.0771 -0.0293 0.9550 
1561 0.0200 -0.0386 1.0043 
1562 0.0381 0.0229 0.9248 
1563 0.0327 -0.0063 0.9453 
1564 0.0425 -0.0229 0.9706 
1565 0.0625 -0.0044 0.8974 
1566 0.0522 0.0185 0.9311 
1567 0.0508 -0.0044 0.9331 
1568 0.0532 0.0049 0.9423 
1569 0.0293 0.0317 0.9321 
1570 0.0098 0.0346 0.9404 
1571 0.0268 -0.0405 0.9623 
1572 0.0312 0.0210 0.9106 
1573 0.0483 -0.0029 0.9301 
1574 0.0659 0.0220 0.9706 
1575 0.0425 0.0044 0.9638 
1576 0.0464 -0.0420 0.9418 
1577 0.0942 0.0346 0.9853 
1578 -0.0122 -0.0766 0.9204 
1579 0.0229 0.0454 0.9540 
1580 0.0488 -0.0425 0.9628 
1581 0.1083 0.0264 0.9243 
1582 0.0888 -0.0512 0.9404 
1583 0.0020 0.0395 0.9526 
1584 0.0420 -0.0683 0.9409 
1585 0.0468 -0.0600 0.9340 
1586 0.0264 0.0200 0.9384 
1587 0.0063 -0.0639 0.9243 
1588 0.0386 -0.0146 0.9589 
1589 0.0864 -0.0654 0.9414 
1590 0.0810 0.0337 0.9701 
1591 0.0444 0.0063 0.9516 
1592 0.0844 -0.0581 0.9004 
1593 0.0800 -0.0122 0.9555 
1594 0.0551 -0.0151 0.9189 
1595 0.0288 -0.0454 0.9531 
1596 0.0381 -0.0034 0.9711 
1597 0.0259 -0.0034 1.0053 
1598 0.0185 -0.0171 0.9116 
1599 0.0693 -0.0049 0.9111 
1600 0.0761 -0.0107 0.9345 
1601 0.0532 -0.0283 0.9496 
1602 -0.0073 0.0063 0.8969 
1603 0.0000 0.0151 0.9697 
1604 0.0356 -0.0088 0.9394 
1605 0.0268 -0.0151 0.9453 
1606 0.0386 -0.0600 0.9428 
1607 0.1215 -0.0244 0.9404 
1608 0.0473 -0.0483 0.9326 
1609 0.0098 -0.0883 0.9575 
1610 0.0405 0.0278 0.9272 
1611 0.0215 -0.0190 0.9750 
1612 0.0488 0.0088 0.9555 
1613 0.0185 -0.0429 0.9853 
1614 -0.0068 0.0239 0.9082 
1615 0.0381 -0.0273 0.9374 
1616 0.0839 -0.0049 0.9560 
1617 0.0512 -0.0444 0.9609 
1618 0.0551 0.0224 0.9194 
1619 0.0834 0.0254 0.9248 
1620 0.0825 -0.0449 0.9091 
1621 0.0429 -0.0259 0.9609 
1622 0.0786 -0.0595 0.9370 
1623 0.0537 -0.0654 0.9370 
1624 0.0698 0.0010 0.9194 
1625 0.0776 -0.0425 0.9404 
1626 -0.0200 -0.0703 0.9589 
1627 0.0820 -0.0044 0.9365 
1628 0.0883 -0.0034 0.9150 
1629 0.0605 -0.0083 0.9209 
1630 0.0551 -0.0273 0.9223 
1631 0.0595 -0.0698 0.9394 
1632 0.0444 -0.0156 0.9643 
1633 0.0654 -0.0649 0.9575 
1634 0.0127 0.0205 0.9604 
1635 0.0590 -0.0278 0.9828 
1636 0.1161 -0.0020 0.9272 
1637 0.0410 0.0078 0.9740 
1638 0.0771 0.0273 0.9062 
1639 0.0600 -0.0044 0.9331 
1640 -0.0059 -0.0298 0.9477 
1641 0.0234 -0.0420 0.9736 
1642 -0.0229 0.0034 0.9248 
1643 0.0898 0.0185 0.9340 
1644 0.0727 0.0146 0.9384 
1645 0.1127 -0.0020 0.9355 
1646 0.0283 -0.0737 0.9628 
1647 0.0956 -0.0376 0.9316 
1648 0.0634 0.0176 0.9082 
1649 0.0459 0.0234 0.9306 
1650 0.0464 0.0151 0.9482 
1651 0.0410 0.0156 0.9414 
1652 0.0010 -0.0590 0.9765 
1653 0.0420 -0.0664 0.9238 
1654 0.0771 -0.0278 0.9726 
1655 0.0742 0.0034 0.9257 
1656 0.0395 -0.0737 0.9496 
1657 0.0937 -0.0229 0.8979 
1658 0.0590 0.0405 0.9487 
1659 0.0264 -0.0547 0.9218 
1660 0.0551 -0.0322 0.9536 
1661 0.0459 0.0107 0.9379 
1662 0.0708 -0.0683 0.9877 
1663 0.0781 0.0298 0.9482 
1664 0.0351 -0.0698 0.9282 
1665 0.0137 -0.0444 0.9750 
1666 0.0273 -0.0922 0.9609 
1667 0.0620 0.0190 0.9457 
1668 0.0586 -0.0039 0.9555 
1669 0.0400 -0.0605 0.9301 
1670 0.0376 -0.0215 0.9794 
1671 0.0083 0.0566 0.9370 
1672 0.0605 -0.0210 0.9277 
1673 0.0361 -0.0176 0.9272 
1674 0.0137 -0.0913 0.9687 
1675 0.0551 0.0576 0.8994 
1676 -0.0205 -0.0220 0.9467 
1677 0.0322 -0.0102 0.9423 
1678 0.0849 -0.0473 0.9516 
1679 0.0839 -0.0249 0.9706 
1680 0.0947 -0.0810 0.9594 
1681 0.0371 -0.0547 0.9521 
1682 0.0771 -0.0327 0.9326 
1683 0.0903 -0.0395 0.9223 
1684 0.0400 -0.0220 0.9570 
1685 0.0917 -0.0512 0.9453 
1686 0.0478 -0.0181 0.9199 
1687 0.0098 -0.0098 0.9374 
1688 0.0449 -0.0425 0.9199 
1689 0.0459 -0.0522 0.9194 
1690 0.0610 -0.0415 0.8847 
1691 0.0288 0.0107 0.9511 
1692 0.0571 -0.0205 0.9121 
1693 0.0830 0.0049 0.9267 
1694 0.0303 -0.0830 0.9604 
1695 0.0439 -0.0239 0.9360 
1696 0.0644 -0.0610 0.9579 
1697 0.0610 0.0220 0.9179 
1698 -0.0229 -0.0210 0.9384 
1699 0.0444 -0.0337 0.9501 
1700 0.0332 -0.0337 0.9262 
1701 0.0961 -0.0083 0.9828 
1702 0.0312 0.0351 0.9501 
1703 0.0937 -0.0483 0.9272 
1704 0.0620 -0.0493 0.9321 
1705 0.0381 -0.0468 0.9130 
1706 0.0615 -0.0268 0.9467 
1707 0.0742 -0.0864 0.9262 
1708 -0.0088 -0.0220 0.9267 
1709 0.0869 -0.0356 0.9750 
1710 0.0522 -0.0073 0.9374 
1711 0.0454 0.0039 0.9575 
1712 0.0527 -0.0459 0.9096 
1713 0.0649 -0.0156 0.9858 
1714 0.1030 0.0205 0.9472 
1715 0.0244 -0.0142 0.9091 
1716 0.0644 0.0088 0.9589 
1717 0.0795 -0.0063 0.9618 
1718 0.0781 -0.0073 0.9213 
1719 0.0839 0.0307 0.9287 
