0 -2.0130 -2.5010 -3.2330 
1 -2.3790 -1.2810 -2.2570 
2 421.5710 79.7270 0.0000 
3 421.5710 79.7270 0.0000 
4 -2.2570 -4.6970 -2.0740 
5 -2.3180 -1.5860 -3.7210 
6 -2.9890 -1.2200 -2.8060 
7 -2.9280 -1.2200 -3.1720 
8 -2.5620 -0.7930 -3.0500 
9 -2.8060 -1.3420 -2.8670 
10 -1.3420 -0.2440 -1.9520 
11 -1.4030 -1.6470 -2.5010 
12 -1.4030 1.3420 -1.9520 
13 -2.0130 -2.4400 -1.0980 
14 -3.3550 -3.2330 -2.6840 
15 -3.2330 -1.4640 -2.0740 
16 -0.7930 0.5490 -2.2570 
17 -2.8670 -3.1110 -2.4400 
18 -2.4400 -0.9760 -1.1590 
19 -2.1960 -2.6230 -2.6840 
20 -2.2570 -1.5250 -3.4160 
21 -2.3790 -1.8300 -1.7080 
22 -1.8910 -2.1350 -3.3550 
23 -3.4770 -0.6710 -1.5250 
24 -2.1350 -2.7450 -3.0500 
25 -2.3180 -0.9760 -3.4160 
26 -2.0740 -1.1590 -2.4400 
27 -1.7690 -2.1960 -3.6600 
28 -2.3790 -0.6100 -1.8300 
29 -3.1110 -0.7320 -0.9760 
30 -2.4400 -0.6100 -1.0370 
31 -1.8300 -2.6840 -3.5990 
32 -2.8060 -2.3790 -2.5010 
33 -1.8300 -1.8910 -3.5380 
34 -3.5380 -2.3790 -1.5250 
35 -2.8670 -2.5620 -1.3420 
36 -1.2810 -0.5490 -1.5860 
37 -1.5250 -2.5010 -2.0740 
38 -3.5990 -2.5620 -3.1110 
39 -1.3420 -3.2940 -1.8910 
40 -2.1350 -0.8540 -2.0740 
41 -2.6840 -1.9520 -3.2940 
42 -2.3790 -2.7450 -2.4400 
43 -2.2570 -3.1720 -2.0130 
44 -2.8670 -0.2440 -2.5620 
45 -2.9280 -2.2570 -2.6840 
46 -1.4640 -2.1350 -3.6600 
47 -2.8670 -3.7210 -1.9520 
48 -2.5620 -2.2570 -3.1110 
49 -3.2330 -2.0740 -2.3790 
50 -2.9890 -2.3180 -1.5860 
51 -2.8060 -3.4160 -2.1350 
52 -2.5010 -2.3180 -2.3790 
53 -2.4400 -1.5860 -2.2570 
54 -2.9890 -2.8060 -2.8670 
55 -2.3180 -1.8910 -3.2940 
56 -0.4270 -1.7080 -1.6470 
57 -3.4160 -2.8060 -2.9280 
58 -2.4400 -1.0370 -2.0740 
59 -1.6470 0.1220 -2.2570 
60 -2.8670 -2.9280 -2.9890 
61 -1.6470 -1.5860 -1.3420 
62 -1.7080 -1.2200 -2.9280 
63 -4.4530 -3.1720 -3.7210 
64 -2.3790 -1.8910 -1.4030 
65 -0.9150 -1.0370 -3.1110 
66 -2.5010 -3.4160 -1.7080 
67 -2.8670 -1.6470 -2.2570 
68 -2.8670 -3.7210 -1.7690 
69 -1.6470 -0.1830 -2.6840 
70 -2.6230 -2.9890 -2.9280 
71 -1.6470 -2.0130 -2.9890 
72 -3.0500 -2.4400 -2.8060 
73 -0.3660 -0.6710 -2.4400 
74 -2.4400 -3.0500 -2.8060 
75 -1.6470 -1.7080 -2.7450 
76 -0.4880 -2.6230 -1.9520 
77 -4.9410 -1.1590 -2.9890 
78 0.0610 -3.9650 -2.6230 
79 -1.8300 -1.5860 -2.2570 
80 -2.3180 -3.2330 -2.8060 
81 -0.9760 -2.1350 -3.2940 
82 -3.5380 -2.5620 -2.2570 
83 -2.6840 -1.2200 -2.6230 
84 -1.4640 -2.8060 -3.9040 
85 -2.9280 -1.4030 -2.5010 
86 -1.6470 -2.2570 -2.2570 
87 -3.5990 -2.2570 -3.2330 
88 -2.0130 -0.4880 -2.7450 
89 0.0610 -1.6470 -1.8300 
90 -3.9040 -1.4640 -2.5010 
91 -0.9150 -2.1960 -2.4400 
92 -1.8910 -1.0370 -2.9890 
93 -3.1110 -2.2570 -2.3180 
94 -0.2440 -1.5860 -3.2940 
95 -1.3420 -1.1590 -3.0500 
96 -1.5250 -3.0500 -2.9280 
97 -0.6100 -1.6470 -2.1960 
98 -4.1480 -1.2200 -1.9520 
99 -1.1590 -2.1350 -3.5380 
100 -1.7690 0.1830 -2.8060 
101 -2.0130 -2.9280 -1.5860 
102 -2.4400 -1.6470 -1.5860 
103 -2.6840 -1.8910 -2.0130 
104 -2.5010 -0.1830 -4.1480 
105 -1.4640 -1.2200 -1.1590 
106 -1.7690 -2.7450 -2.9890 
107 -0.9150 -0.7930 -1.8300 
108 -2.0740 -2.5010 -4.0260 
109 -3.6600 0.1830 -3.9040 
110 -2.1350 -6.1000 -3.0500 
111 -2.8670 -2.6840 -2.3180 
112 -1.0980 -1.2810 -2.9280 
113 -1.8300 -2.4400 -2.5010 
114 -1.5860 -3.1110 -2.5620 
115 -2.8670 -4.0870 -2.6840 
116 -1.3420 -1.2810 -3.2940 
117 -3.6600 -2.6230 -0.4270 
118 -2.4400 -0.9760 -2.1350 
119 -3.0500 -1.5860 -3.1110 
120 -2.3180 -2.4400 -3.7210 
121 -1.0370 -3.5990 -0.8540 
122 -3.3550 -3.1720 -1.9520 
123 -1.5860 -0.8540 -3.9040 
124 -1.0980 -2.1350 -3.0500 
125 -2.7450 -1.1590 -1.3420 
126 -2.3180 -2.3790 -3.6600 
127 -2.0740 -1.1590 -2.5620 
128 -3.1720 -3.6600 -3.4160 
129 -1.7080 -3.2940 -2.1960 
130 -2.3790 -1.2200 -3.0500 
131 -2.4400 -4.1480 -2.1960 
132 -1.0980 -0.7320 -1.9520 
133 -2.1960 -1.4640 -1.8910 
134 -2.0130 -4.0260 -1.7080 
135 -2.6230 -1.4030 -1.8300 
136 -3.7210 -1.9520 -3.1110 
137 -3.1110 -2.6230 -3.6600 
138 -1.8910 -2.1350 -1.8910 
139 -1.7690 -1.7690 -2.9890 
140 -2.2570 -4.0260 -3.4160 
141 -3.2940 -1.7690 -2.1350 
142 -0.9150 -1.2810 -2.9890 
143 -3.7210 -2.3180 -2.1960 
144 -1.2810 -1.8300 -2.1960 
145 -1.0370 -0.7930 -2.8670 
146 -1.7080 -2.4400 -3.9040 
147 -2.0130 -1.1590 -2.2570 
148 -2.6840 -3.4160 -2.6230 
149 -2.0740 -3.9650 -3.1720 
150 -2.6840 -1.6470 -2.6840 
151 -2.8670 -1.5250 -1.7690 
152 -1.0370 -0.1830 -1.1590 
153 -2.0740 -0.1830 -2.5010 
154 -1.8300 -2.1350 -2.6840 
155 -2.6840 -2.4400 -3.4770 
156 -3.4770 -0.2440 -2.7450 
157 -1.7690 -2.8060 -1.5860 
158 -2.3790 -1.5860 -3.3550 
159 -1.5860 -1.5860 -3.4160 
160 -1.9520 -2.4400 -4.4530 
161 -2.6840 -1.8910 -1.2200 
162 -0.9760 -0.8540 -2.8670 
163 -2.9890 -1.2200 -3.8430 
164 -2.0130 -2.6230 -3.6600 
165 -2.1960 -1.7080 -3.7820 
166 -3.3550 -0.6100 -1.3420 
167 -2.1350 -1.4640 -2.3180 
168 -2.2570 -0.7930 -3.9040 
169 -3.5380 -1.7690 -0.6710 
170 -2.1960 -2.7450 -1.4030 
171 -2.9280 -0.9150 -1.8910 
172 -2.3180 -2.6230 -2.0130 
173 -2.7450 -2.9890 -1.9520 
174 -4.2700 -1.6470 -3.4160 
175 -1.8910 -2.5620 -1.2810 
176 -2.1350 -0.6710 -2.6230 
177 -2.7450 -2.8060 -2.0130 
178 -1.9520 -2.9890 -2.1350 
179 -3.6600 -1.5250 -1.8910 
180 -1.7080 -2.3180 -2.2570 
181 -2.3180 -2.3180 -1.9520 
182 -1.7690 -3.4770 -1.2810 
183 -2.1350 -0.7320 -1.7690 
184 -1.0980 -1.8910 -1.5860 
185 -1.2200 -2.3790 -0.7930 
186 -2.8670 0.6100 -1.7690 
187 -2.7450 -1.0370 -1.9520 
188 -3.2940 -1.6470 -2.0740 
189 -2.5620 -0.0610 -2.0130 
190 -0.6100 -0.0610 -2.9280 
191 -2.9890 -2.2570 -1.0980 
192 -1.5250 -2.3180 -2.9280 
193 -2.0130 -2.8060 -3.5380 
194 -2.2570 -1.4030 -2.0740 
195 -0.9760 -4.0260 -3.4160 
196 -3.2330 -2.8670 -1.2810 
197 -3.7210 -2.3180 -3.3550 
198 -1.2810 -1.8300 -2.9280 
199 -3.2330 -1.0980 -2.0130 
200 -2.3180 -1.7080 -3.9040 
201 -1.7080 0.1220 -2.9280 
202 -2.3180 -3.7820 -2.3180 
203 -3.1720 -1.6470 -3.2330 
204 -2.6840 -1.2810 -3.5990 
205 -2.5620 -1.7690 -1.9520 
206 -2.6840 -5.3680 -2.6230 
207 0.0610 -0.9150 -2.7450 
208 -5.4290 -4.3310 -2.0740 
209 -0.3050 -2.0740 -1.7690 
210 -2.3180 -2.2570 -3.6600 
211 -4.8800 -2.5620 -1.7690 
212 -1.5250 -1.8300 -2.0740 
213 -4.6360 -2.9280 -2.4400 
214 -3.5990 -2.8670 -2.1350 
215 -1.2200 -3.7820 -0.7930 
216 -4.2700 -1.2200 -1.7690 
217 -2.9280 -4.3310 -3.0500 
218 -2.5010 -2.9890 -3.5990 
219 -3.9650 -2.0130 -0.9760 
220 -0.9760 -2.1350 -2.8670 
221 -4.0870 -4.2090 -1.7690 
222 -3.7820 -2.6840 -3.9650 
223 -2.0130 -5.1240 -1.7690 
224 -1.7080 -1.8910 -3.2330 
225 -3.6600 -2.5010 -1.2200 
226 -1.6470 -1.6470 -1.4030 
227 -1.5250 -2.9280 -0.9150 
228 -3.3550 -2.8670 -2.1350 
229 -0.3050 -0.8540 -2.6840 
230 -4.1480 -3.0500 -3.1720 
231 -2.8670 -2.7450 -1.2200 
232 -1.4640 -1.2200 -1.3420 
233 -4.2700 -5.1850 -4.3920 
234 -2.3180 -1.2200 -3.4770 
235 -2.0740 -2.6230 -1.2810 
236 -1.4640 -1.8300 -1.7080 
237 -2.8060 -3.6600 -3.1110 
238 -1.4640 -1.0980 -2.9280 
239 -3.3550 -3.9650 -2.6230 
240 -2.4400 -0.6710 -1.6470 
241 -4.0260 -4.0260 -2.9280 
242 0.1830 -2.9890 -1.3420 
243 -3.3550 -1.0980 -3.1110 
244 -0.7930 -0.4270 -3.5380 
245 -2.5620 -0.4270 -1.9520 
246 -2.9890 -0.5490 -2.3790 
247 -1.0980 -1.5250 -1.9520 
248 -3.6600 -2.0130 -2.8670 
249 -1.0980 -1.0980 -4.0260 
250 -2.7450 -1.2810 -1.8910 
251 -3.2330 -3.9040 -2.4400 
252 -0.6710 -3.5380 -1.7690 
253 -2.0740 -2.3180 -2.0130 
254 -1.4640 -1.8910 -4.3310 
255 -0.6710 0.0000 -1.5860 
256 -1.0370 -0.1830 -3.7210 
257 -2.0740 -2.7450 -2.1960 
258 -1.8300 -2.4400 -1.1590 
259 -1.5860 -3.6600 -2.5620 
260 -1.5250 -0.9150 -1.6470 
261 -1.8910 -3.3550 -2.6230 
262 0.6100 -2.6840 -1.7080 
263 -1.0980 -1.3420 -1.5860 
264 -3.4160 -2.5620 -2.0740 
265 -2.0130 -0.4270 -3.4160 
266 -3.5990 -2.0740 -2.3790 
267 -2.7450 -1.7690 -2.6230 
268 -1.4030 -2.7450 -2.5620 
269 -2.0740 -2.1960 -1.6470 
270 -2.0130 -1.8300 -1.1590 
271 -2.2570 -1.8910 -2.3790 
272 -2.9890 -1.0980 -2.8060 
273 -3.2330 -0.7930 -0.9760 
274 -1.5250 -1.7690 -2.1960 
275 -1.4640 -1.0980 -1.5860 
276 -1.7080 -0.3660 -1.2810 
277 -1.4640 -3.0500 -2.5010 
278 -2.5620 -2.0130 -1.8300 
279 -2.1350 -2.3790 -2.4400 
280 -2.8060 -1.5250 -2.8060 
281 -2.5620 -2.9280 -1.4640 
282 -2.0740 -0.3050 -1.7080 
283 -2.2570 -0.7320 -2.8670 
284 -4.2700 -1.6470 -3.7820 
285 -1.6470 -1.5250 -1.8300 
286 -0.6710 -2.0130 -2.8670 
287 -6.3440 -2.3790 -2.8060 
288 2.5620 -3.0500 -2.9890 
289 -4.2090 -1.4030 -1.8910 
290 -0.0610 -2.8060 -2.5010 
291 -3.4770 1.2200 -3.2940 
292 -4.3920 -4.1480 -3.5380 
293 -1.9520 -0.6710 -3.2330 
294 -2.7450 -2.7450 -2.3180 
295 -3.1720 -1.6470 -1.8910 
296 1.2200 -1.8300 -3.8430 
297 -2.8670 -2.5620 -1.5860 
298 -1.4640 -2.1960 -2.3790 
299 -1.4030 -1.0980 -1.0980 
300 -2.9280 -3.1110 -0.6710 
301 -2.2570 -1.8910 -2.6840 
302 -2.5620 -1.7080 -2.6230 
303 -2.5620 -1.5250 -2.0130 
304 -0.9150 -0.1830 -2.2570 
305 -2.8060 -2.8670 -3.1720 
306 -1.4030 -1.7690 -2.5620 
307 -7.7470 -7.1980 -2.9890 
308 9.9430 8.2960 -0.7930 
309 -8.7840 -4.1480 -2.6230 
310 -1.5250 -0.9150 -2.4400 
311 2.9280 -0.1220 -2.9280 
312 1.7690 -2.8670 -2.3790 
313 0.3050 -1.2810 -1.8910 
314 -9.8820 -2.6840 -2.6230 
315 7.0150 -3.5380 -3.6600 
316 -7.4420 -2.0130 -2.8670 
317 -4.4530 -3.5990 -2.4400 
318 3.9650 -2.3180 -1.1590 
319 -9.8210 -2.6840 -1.7690 
320 -0.2440 -1.1590 -1.5250 
321 -0.9150 -2.7450 -1.4640 
322 -6.7710 -3.5990 -2.6230 
323 2.2570 -0.6710 -2.0130 
324 -4.9410 -2.2570 -2.7450 
325 -4.8800 -3.7820 -1.8910 
326 0.6710 -1.7690 -2.0130 
327 -5.0020 -3.0500 -2.8060 
328 -1.4640 0.3050 -2.8060 
329 -3.0500 0.0000 -3.6600 
330 -4.3310 -1.9520 -3.6600 
331 -1.7690 -0.0610 -1.7690 
332 -3.1110 -3.2940 -2.1960 
333 -3.5380 -0.6710 -3.3550 
334 -1.2810 -2.1960 -4.6970 
335 -3.2330 -0.9760 -2.9890 
336 -4.2700 -2.8670 -1.7080 
337 -0.8540 0.4270 -3.7210 
338 -3.1720 -1.0370 -3.0500 
339 -3.1720 -2.3180 -2.5620 
340 -0.9760 -1.8300 -2.1960 
341 -2.5620 -0.7320 -3.2940 
342 -2.5620 -2.0130 -2.8060 
343 -2.9890 -1.3420 -3.2330 
344 -2.1960 -2.7450 -1.8300 
345 -2.0740 -1.5250 -2.9890 
346 -2.6840 -1.7080 -1.5860 
347 -1.8910 -1.1590 -2.0130 
348 -2.3790 -3.3550 -1.4640 
349 -1.8910 -1.9520 -2.3790 
350 -2.4400 -4.2090 -2.9280 
351 -2.8670 -1.9520 -2.0740 
352 -2.8670 -2.3790 -2.7450 
353 -1.8910 -2.7450 -1.5250 
354 -2.6840 -2.3790 -3.7820 
355 -2.1960 -3.7210 -3.4160 
356 -3.0500 -1.0370 -3.9650 
357 -1.9520 -0.7930 -2.7450 
358 -2.5010 -2.7450 -2.5010 
359 -1.9520 -4.2090 -1.5250 
360 -1.7080 0.6710 -1.2810 
361 -3.1720 -2.1350 -1.8910 
362 -2.1960 -2.1960 -3.9650 
363 -1.5250 -3.0500 -2.8670 
364 -3.4160 -0.7930 -2.8060 
365 -2.3790 -1.6470 -3.2940 
366 -2.6230 -2.6840 -1.8300 
367 -3.1110 -2.5010 -2.5010 
368 -3.1110 0.0000 -2.3180 
369 -5.7340 -2.7450 -2.3790 
370 -0.9150 0.6710 -0.8540 
371 -2.8060 -2.0740 -0.9150 
372 -4.2700 -2.5620 -2.9890 
373 -1.4030 -1.4640 -1.9520 
374 -3.9040 -3.1720 -2.4400 
375 -3.8430 -3.7210 -2.1350 
376 -0.8540 -2.8060 -2.8060 
377 -2.7450 -2.1960 -2.3790 
378 -1.7080 -1.6470 -2.8670 
379 -1.2810 -2.8060 -2.9280 
380 -3.1720 -2.4400 -2.9280 
381 -3.1110 -2.2570 -2.1350 
382 -1.2810 -1.5250 -1.7690 
383 -2.3790 -2.6840 -2.9280 
384 -2.1350 -2.9280 -1.5860 
385 -2.3180 -2.3790 -3.5380 
386 -3.2940 -2.2570 -1.4640 
387 -2.6230 -3.4160 -1.8300 
388 -1.7080 -3.1720 -1.7080 
389 -3.3550 -2.9280 -2.4400 
390 -1.0980 -3.7210 -1.5250 
391 -1.5860 -0.7930 -2.4400 
392 -1.7690 -2.9890 -1.6470 
393 -0.6100 -2.5010 -2.3180 
394 -2.3790 -2.8670 -1.7690 
395 -3.3550 -3.8430 -1.5860 
396 -1.8300 -2.6840 -4.2700 
397 -2.7450 -1.1590 -2.1960 
398 -1.4030 -1.0980 -1.2200 
399 -1.3420 -1.5860 -2.0740 
400 -2.6230 -2.1350 -2.3180 
401 -2.3790 -3.4160 -1.9520 
402 -3.2330 -2.7450 -3.1110 
403 -2.0740 -3.1720 -3.1110 
404 -1.8910 -2.0740 -3.4770 
405 -1.0980 -1.5250 -3.2940 
406 -0.7930 -3.2940 -2.9280 
407 -2.8670 -2.5620 -3.3550 
408 -2.3790 -2.2570 -2.6230 
409 -2.3180 -0.6710 -2.9280 
410 -1.7080 -1.5860 -1.5860 
411 -2.3180 -2.1350 -2.5620 
412 -2.0130 -1.4640 -3.1720 
413 -1.7080 -2.5010 -1.3420 
414 -2.8670 -2.6840 -3.1720 
415 -2.7450 0.4270 -2.8060 
416 -2.6840 -1.4640 -1.9520 
417 -2.8670 -2.4400 -3.0500 
418 -2.5620 -2.3180 -0.6100 
419 -2.3180 -2.2570 -3.8430 
420 -2.0740 -3.0500 -2.5010 
421 -2.0130 -0.6710 -3.2330 
422 -2.4400 -4.0260 -2.6840 
423 -2.3790 -2.5010 -2.9280 
424 -2.3790 -2.8670 -3.6600 
425 -1.4640 -1.3420 -2.3180 
426 -2.1960 -1.0370 -0.8540 
427 -2.8670 -3.3550 -1.8300 
428 -1.7690 -2.1960 -1.6470 
429 -3.0500 -3.5990 -3.5380 
430 -2.4400 -4.0870 -1.9520 
431 -2.5620 -2.6840 -2.1960 
432 -3.6600 -0.8540 -3.5380 
433 -3.2940 -1.8300 -3.1110 
434 -2.3790 -2.1960 -1.2200 
435 -2.6840 -1.9520 -2.0740 
436 -1.7080 -1.4640 -4.0260 
437 -1.9520 -0.8540 -3.3550 
438 -2.5620 -2.0740 -2.3790 
439 -3.4160 -0.7320 -2.5620 
440 -1.7080 -0.1830 -1.7080 
441 -2.8060 -2.6840 -2.6840 
442 -2.3180 -2.8060 -2.1960 
443 -1.7080 -3.4770 -2.1960 
444 -2.0130 -2.0740 -3.2940 
445 -2.0740 -2.8670 -2.1960 
446 -2.1960 -2.7450 -2.6840 
447 -2.3180 -2.9280 -3.4160 
448 -2.5010 -4.0260 -2.6230 
449 -2.3790 -1.0980 -3.0500 
450 -2.5010 -3.1720 -1.9520 
451 -2.7450 -1.4640 -2.3180 
452 -1.0980 -1.8910 -1.1590 
453 -1.7690 -2.3790 -4.0260 
454 -2.8060 -4.3920 -1.8300 
455 -2.8670 -2.8670 -2.0740 
456 -2.9890 -3.2940 -3.5380 
457 -2.0130 -2.1960 -2.4400 
458 -2.5010 -2.0740 -2.5010 
459 -2.3180 -2.6230 -1.8910 
460 -1.8300 -3.1110 -3.1720 
461 -2.5620 -1.0980 -2.9890 
462 -2.8670 -2.1350 -2.4400 
463 -2.5620 -3.5380 -1.9520 
464 -2.6840 -1.4640 -2.6230 
465 -2.9280 -2.1350 -3.4770 
466 -2.8060 -0.6710 -1.2200 
467 -2.7450 -1.5250 -2.6230 
468 -2.0130 -0.8540 -0.7930 
469 -2.3180 -1.7080 -2.3180 
470 -2.1960 -2.6230 -2.8670 
471 -2.9890 -3.5380 -3.7210 
472 -2.2570 -1.4030 -4.1480 
473 -3.3550 -2.0740 -1.6470 
474 -3.4770 -0.6710 -2.9280 
475 -2.0130 -1.2200 -2.2570 
476 -2.8060 -2.8060 -3.4770 
477 -1.7080 -1.0370 -1.8910 
478 -2.7450 -3.1720 -2.1960 
479 -3.2940 -0.8540 -1.2200 
480 -1.7690 -2.5010 -2.2570 
481 -2.1350 -2.6840 -2.3180 
482 -2.0130 -1.5860 -4.6360 
483 -3.2940 -1.4640 -3.7820 
484 -2.1960 -1.6470 -3.7210 
485 -2.4400 -2.1350 -2.6230 
486 -2.1960 -0.8540 -1.3420 
487 -1.5250 -0.6710 -1.4030 
488 -2.9890 -2.0130 -1.2810 
489 -2.1350 -2.2570 -1.8910 
490 -2.8670 -3.2330 -3.4160 
491 -2.0130 -1.5860 -1.4640 
492 -2.6230 -2.8060 -2.2570 
493 -1.7080 -1.5250 -1.5860 
494 -2.3790 -1.4640 -3.3550 
495 -2.0130 -0.3050 -1.0980 
496 -1.7080 -1.8910 -3.4160 
497 -2.6230 -3.5990 -3.7210 
498 -1.4030 -2.5620 -2.6230 
499 -0.5490 -3.0500 -2.1350 
500 -2.5620 -1.5860 -2.5620 
501 -2.5010 -1.9520 -1.8910 
502 -2.7450 -3.0500 -3.7820 
503 -2.9280 -2.3180 -2.7450 
504 -0.9760 0.7930 -2.4400 
505 -2.1350 -3.7820 -1.7080 
506 -2.5010 -2.0130 -2.3180 
507 -1.6470 -1.0370 -2.9890 
508 -3.3550 -2.2570 -3.5380 
509 -3.2940 -2.5010 -3.8430 
510 -0.6710 -0.7320 -2.5010 
511 -3.5380 -4.0260 -1.7690 
512 -1.9520 -2.3790 -4.0260 
513 -2.2570 -1.7080 -1.7690 
514 -2.8670 -0.6710 -2.5010 
515 -1.4030 -2.9280 -1.4640 
516 -3.4770 -2.9280 -3.5990 
517 -3.9040 -3.3550 -2.8060 
518 -3.1110 -1.1590 -1.3420 
519 -2.6840 -1.4030 -2.3790 
520 -2.7450 -2.8060 -2.5010 
521 -2.9280 -2.8060 -0.1220 
522 -1.0980 -2.5620 -3.1110 
523 -2.1960 -2.3790 -2.3790 
524 -2.3180 -1.3420 -3.3550 
525 -3.5380 -1.9520 -2.5010 
526 -1.4640 -2.8060 -1.2810 
527 -2.9890 -3.1110 -2.7450 
528 -5.1240 -1.5860 -4.3310 
529 -3.5990 -2.1960 -2.5620 
530 -2.3180 -2.0740 -1.8910 
531 -2.3180 -1.0980 -1.8910 
532 -2.3180 0.2440 -2.5620 
533 -1.8300 -1.8300 -2.4400 
534 -2.5010 -1.8910 -3.8430 
535 -2.3180 -2.3790 -2.5620 
536 -2.6840 -2.3790 -3.2940 
537 -2.5620 -0.3050 -2.6230 
538 -4.1480 -2.5620 -1.5250 
539 -3.1110 -3.4160 -4.2700 
540 -4.1480 -2.5620 -2.6840 
541 -3.1720 -3.4160 -3.4770 
542 -1.7080 -1.5250 -1.5860 
543 -3.5380 -1.7690 -2.9280 
544 -1.4640 -2.3790 -2.5620 
545 -2.0130 -2.1350 -2.6840 
546 -3.7820 -1.5860 -0.9760 
547 -2.9280 -2.4400 -3.9650 
548 -3.8430 -2.1960 -3.9040 
549 -2.1960 -0.7320 -1.3420 
550 -1.9520 -1.7690 -1.0370 
551 -2.3790 -2.3790 -3.7210 
552 -1.6470 -0.4270 -2.8670 
553 -1.6470 -2.1960 -1.2810 
554 -2.8060 -3.9040 -1.9520 
555 -1.8910 -2.0130 -1.8300 
556 -3.7210 -1.3420 -0.7930 
557 -2.1960 -3.5380 -0.4270 
558 -2.0130 -2.7450 -1.8300 
559 -3.3550 -2.9890 -2.7450 
560 -2.1960 -2.4400 -1.3420 
561 -3.6600 -3.9040 -1.5860 
562 -2.3790 -2.6230 -2.1960 
563 -2.2570 -2.3790 -2.3790 
564 -2.7450 -1.9520 -2.7450 
565 -2.9890 -2.0740 -3.4160 
566 -1.0370 -0.9150 -2.5010 
567 -2.8670 0.6100 -1.0370 
568 -0.4270 -2.0740 -2.6230 
569 -1.7080 -4.4530 -2.0130 
570 0.9150 -0.5490 -3.0500 
571 -4.5750 -3.9650 -2.9280 
572 -0.3050 -2.4400 -1.9520 
573 -1.2810 -1.7080 -4.4530 
574 -3.2940 -2.0740 -2.8060 
575 -0.4880 -2.0740 -1.9520 
576 -5.7950 -1.5250 -2.5620 
577 1.4640 -2.1350 -1.4640 
578 -3.6600 -2.5010 -4.5140 
579 -1.8910 -1.9520 -3.6600 
580 -0.8540 -1.4640 -2.0130 
581 -5.7340 -2.8060 -2.6230 
582 0.0610 -0.1220 -3.5990 
583 -3.8430 -3.4770 -1.9520 
584 -2.8670 -2.0130 -2.6230 
585 -0.6710 -1.8910 -2.8670 
586 -4.0870 -3.5380 -1.4030 
587 -0.4270 -1.7080 -0.9760 
588 -3.0500 -3.4160 -2.0130 
589 -2.9890 -1.2810 -1.5860 
590 -1.9520 -4.0260 -3.1720 
591 -2.9280 -1.3420 -3.3550 
592 -1.7690 -1.4030 -2.9890 
593 -3.1110 -2.5010 -3.5380 
594 -3.8430 -4.2700 -2.6230 
595 -3.5990 -1.8910 -2.6840 
596 -2.5620 -2.0740 -1.6470 
597 -2.5010 -0.6710 -1.3420 
598 -1.8300 -1.4640 -0.7930 
599 -2.9890 -2.0740 -2.5620 
600 -1.7080 -1.2200 -1.0370 
601 -1.6470 -0.9150 -1.4030 
602 -3.2940 -2.6230 -2.0130 
603 -2.9280 -2.3180 -4.5750 
604 -1.8300 -1.4640 -4.9410 
605 -5.1850 -3.2330 -1.2810 
606 -4.0870 -0.5490 -2.6230 
607 -3.5380 -3.8430 -0.8540 
608 -2.0740 -2.9890 -3.1110 
609 -2.0130 -3.4770 -3.3550 
610 -4.2090 -0.7320 -2.5010 
611 -1.8300 -2.5010 -2.3790 
612 -1.5860 -1.7690 -3.2330 
613 -3.4770 -1.3420 -2.7450 
614 -2.0740 -2.9280 -1.5860 
615 -2.3180 -2.0130 -3.5380 
616 -3.7820 -0.9150 -2.6230 
617 -0.3050 -1.8300 -2.3790 
618 -4.0870 -1.5250 -3.7210 
619 -3.4160 -2.4400 -2.5010 
620 -1.2200 -0.7320 -2.3180 
621 -3.4770 -2.6230 -2.3790 
622 -0.4880 -2.6230 -1.9520 
623 -3.2330 -3.5380 -3.8430 
624 -1.9520 -1.7690 -4.2700 
625 -1.8910 -2.5010 -2.6230 
626 -3.2330 -4.8800 -2.7450 
627 -2.3790 -0.4880 -3.9040 
628 -1.8910 -2.8060 -2.9280 
629 -2.0130 -1.6470 -2.6840 
630 -0.1830 -1.8300 -4.1480 
631 -2.7450 -2.4400 -3.6600 
632 -2.2570 -3.1110 -2.7450 
633 -2.9280 -2.3180 -2.6230 
634 -3.2940 -2.5620 -3.2940 
635 -2.6230 -2.8670 -2.8670 
636 -3.6600 -3.2940 -1.8300 
637 -2.8060 -3.9650 -1.7690 
638 -2.6230 -2.5010 -2.8670 
639 -2.8670 -2.0740 -3.1720 
640 -1.5860 -1.6470 -2.3180 
641 -3.8430 -0.7930 -3.0500 
642 -2.5010 -1.0370 -1.9520 
643 -2.5620 -3.2940 -2.8670 
644 -1.9520 -3.3550 -3.8430 
645 -3.5380 -2.8670 -2.0740 
646 -1.7690 -2.6840 -2.6840 
647 -2.6230 -2.1350 -1.8300 
648 -2.9890 -1.5860 -2.4400 
649 -2.8060 -2.3180 -1.2200 
650 -1.9520 -0.9760 -2.4400 
651 -2.6230 -2.4400 -3.5380 
652 -2.6230 -2.8060 -4.5140 
653 -3.1720 -2.7450 -2.0740 
654 -2.4400 -1.4640 -2.0130 
655 -3.4770 -1.7080 -2.4400 
656 -2.3180 -2.5620 -1.6470 
657 -1.9520 -2.3790 -2.8060 
658 -2.8060 -2.0740 -2.6230 
659 -2.4400 -1.6470 -1.2810 
660 -2.9280 -2.8060 -2.6840 
661 -2.4400 -2.6840 -2.0740 
662 -2.4400 -2.0130 -3.6600 
663 -1.5860 -1.8910 -2.0740 
664 -1.8910 -2.8060 -1.6470 
665 -2.5620 -3.1110 -1.7690 
666 -2.3180 -2.1350 -3.4160 
667 -3.0500 -0.9150 -2.9280 
668 -3.8430 -2.9280 -2.6230 
669 -1.8300 -2.8060 -1.0370 
670 -2.1350 -3.7210 -1.7080 
671 -3.2940 -2.1350 -2.2570 
672 -3.4160 -2.9280 -1.5860 
673 -2.8060 -3.2330 -2.3180 
674 -1.6470 -0.6710 -2.5620 
675 -2.9890 -2.5010 -0.6100 
676 -2.6230 -1.9520 -3.0500 
677 -2.3790 -3.5990 -3.7820 
678 -2.3180 -2.1350 -2.4400 
679 -4.3310 -2.8060 0.5490 
680 -1.7690 -3.2940 -2.2570 
681 -3.0500 -1.5250 -2.7450 
682 -2.2570 -2.3790 -3.1110 
683 -3.0500 -3.0500 -2.0740 
684 -2.5010 -1.8910 -3.4770 
685 -1.5250 -1.3420 -2.3790 
686 -1.7080 -1.6470 -2.9890 
687 -1.8300 -2.3790 -2.0740 
688 -1.9520 -3.1110 -1.2810 
689 -3.1110 -2.3180 -2.3180 
690 -2.6230 -3.7210 -1.8910 
691 -2.5620 -2.6840 -1.8300 
692 -2.4400 -1.3420 -2.8670 
693 -1.5250 -1.2200 -0.3050 
694 -2.9280 -3.5990 -3.6600 
695 -2.3180 -2.5620 -1.7080 
696 -2.9890 -3.8430 -2.3180 
697 -3.1720 -3.2940 -1.9520 
698 -1.5250 -1.5250 -1.6470 
699 -2.6840 -2.5620 -3.0500 
700 -2.7450 -0.7930 -3.4160 
701 -2.8670 -1.5250 -3.1720 
702 -1.9520 -0.7930 -2.1350 
703 -2.5010 -2.0740 -2.0130 
704 -2.9280 -2.7450 -2.0130 
705 -2.0130 -2.0740 -3.1720 
706 -2.8670 -0.7320 -1.7690 
707 -2.7450 -3.2330 -2.2570 
708 -1.8910 -2.6230 -1.9520 
709 -1.7690 -2.8670 -1.4030 
710 -2.0130 -2.0130 -3.5380 
711 -3.5990 -1.1590 -2.5010 
712 -1.4640 -2.4400 -3.3550 
713 -3.1110 -1.2200 -2.4400 
714 -1.7690 -1.5250 -2.7450 
715 -2.9280 -1.4030 -2.8670 
716 -2.0130 -2.4400 -2.9280 
717 -3.2330 -2.5620 -2.9890 
718 -3.1720 -3.8430 -2.6840 
719 -2.2570 -2.3180 -1.5860 
720 -2.9280 -3.6600 -2.9890 
721 -2.1350 -1.9520 -3.0500 
722 -2.9280 -1.9520 -2.9280 
723 -1.0980 -2.3790 -3.1720 
724 -2.1350 -2.5010 -2.1350 
725 -3.4770 0.3660 -2.0130 
726 -1.4030 -2.5620 -2.2570 
727 -2.5620 -2.0130 -2.3790 
728 -1.9520 -0.9760 -2.9890 
729 -2.9280 -2.8060 -2.9890 
730 -2.5010 -1.7080 -3.1110 
731 -3.1110 -2.8670 -2.1960 
732 -2.8060 -3.3550 -2.0740 
733 -3.0500 -1.4030 -2.0740 
734 -2.8670 -4.2090 -2.6840 
735 -1.4030 -2.5010 -1.9520 
736 -3.0500 -4.0870 -2.3790 
737 -2.5620 -3.5380 -1.5250 
738 -1.2810 -2.3790 -3.4160 
739 -2.5620 -1.3420 -2.0740 
740 -3.5990 -2.5620 -3.9040 
741 -2.9890 -4.9410 -2.3180 
742 -2.5620 -2.6840 -1.8300 
743 -1.9520 -1.5250 -1.1590 
744 -1.4030 -3.5380 -1.7080 
745 -2.4400 -3.3550 -2.9890 
746 -1.6470 -2.1350 -2.9280 
747 -1.7080 -1.5250 -3.7210 
748 -2.9890 -1.0980 -3.2330 
749 -1.8300 -3.2330 -1.1590 
750 -2.3180 -1.5860 -2.5010 
751 -2.0130 0.3660 -2.0130 
752 -2.9890 -3.4770 -2.4400 
753 -1.8910 -2.8670 -2.9280 
754 -2.3790 -3.5380 -2.1350 
755 -2.4400 -1.9520 -1.5250 
756 -2.6840 -1.9520 -2.8670 
757 -2.9890 -3.9650 -3.0500 
758 -1.0980 -5.0020 -3.5990 
759 -2.1960 -2.6840 -2.3180 
760 -3.0500 -1.8910 -2.4400 
761 -2.0130 -2.1960 -4.2090 
762 -2.3180 -1.0370 -1.9520 
763 -2.7450 -3.1720 -2.1960 
764 -2.1350 -0.9150 -1.5250 
765 -2.9890 -0.5490 -1.8300 
766 -2.9890 -4.0870 -2.8060 
767 -2.5010 -2.7450 -1.8910 
768 -1.3420 -2.6840 -1.6470 
769 -3.4770 -3.2940 -1.9520 
770 -2.4400 -3.3550 -2.6230 
771 -2.6840 -1.0370 -1.7080 
772 -2.5620 -1.6470 -1.0370 
773 -2.8060 -2.3790 -2.9280 
774 -2.8670 -2.2570 -4.0260 
775 -2.1960 -1.0370 -2.1960 
776 -2.4400 -4.6360 -2.8060 
777 -1.9520 -2.2570 -3.3550 
778 -2.3790 -2.0130 -2.9280 
779 -3.0500 -2.2570 -2.5010 
780 -2.1960 -1.9520 -1.2810 
781 -4.0260 -4.0260 -2.5010 
782 -2.1350 -1.8910 -3.2940 
783 -2.6840 -2.2570 -3.3550 
784 -2.1350 -2.1350 -2.6840 
785 -2.3180 -2.7450 -2.8060 
786 -2.1960 -2.3790 -2.2570 
787 -5.9170 -3.6600 -3.2330 
788 -0.1830 -2.3180 -1.3420 
789 -5.4900 -3.9040 -2.9890 
790 -0.8540 -1.2200 -2.3790 
791 -2.3180 -2.1350 -3.1110 
792 -4.5750 -2.0130 -1.9520 
793 -0.9760 -2.5620 -3.2330 
794 -3.6600 -3.1110 -2.9890 
795 -1.1590 -3.4160 -1.7080 
796 -3.1110 -2.6230 -2.5010 
797 -1.5860 -0.2440 -2.8060 
798 -2.1960 -3.9040 -1.7690 
799 -0.3050 -0.4880 -2.5620 
800 -4.2090 -3.1720 -2.5010 
801 -2.3180 -1.3420 -0.9760 
802 -3.2940 -0.4880 -2.6230 
803 -2.8060 -1.4640 -2.5010 
804 -1.2810 -1.7690 -2.3180 
805 -2.6230 -2.8060 -3.2330 
806 -2.5620 -2.9280 -0.7320 
807 -1.7690 -2.8670 -2.1350 
808 -3.5380 -3.2330 -3.5380 
809 -1.7690 -3.0500 -5.1240 
810 -3.0500 -2.4400 -3.4160 
811 -3.1110 -3.2330 -2.5620 
812 -3.1720 -3.2940 -2.0130 
813 -4.0260 -2.8060 -3.5990 
814 -2.5620 -2.8670 -4.3310 
815 -2.5620 -2.9280 -2.9890 
816 -2.5620 -1.5860 -2.3790 
817 -3.0500 -2.9280 -2.3180 
818 -2.8060 -0.3050 -1.6470 
819 -2.9890 -2.6840 -2.7450 
820 -2.5010 -2.5010 -1.5250 
821 -4.4530 -2.5620 -2.3790 
822 0.4270 -1.8300 -2.9890 
823 -3.3550 -3.7820 -1.7690 
824 0.5490 0.7930 -3.1720 
825 -3.3550 -2.3180 -3.5380 
826 -0.9760 -1.6470 -3.3550 
827 -2.4400 -3.2330 -2.4400 
828 -2.9280 -2.6840 -1.7080 
829 -3.4770 -3.1110 -2.6840 
830 -2.8060 0.3660 -2.5620 
831 -0.5490 -4.3310 -2.8060 
832 -3.1110 0.6710 -3.1720 
833 -2.7450 -3.6600 -2.6230 
834 -1.8910 0.0610 -2.1350 
835 -3.1110 -2.9890 -2.0740 
836 -1.1590 -2.1350 -1.6470 
837 -1.7690 -1.9520 -2.0130 
838 -2.0130 -2.2570 -1.5250 
839 -1.6470 -2.4400 -2.0740 
840 -3.8430 -1.7080 -2.6230 
841 -2.8670 -2.5620 -4.3310 
842 -2.6230 -2.3790 -3.8430 
843 -2.6230 -4.2700 -2.3790 
844 -2.8060 -1.6470 -1.6470 
845 -2.5620 -2.8060 -1.5250 
846 -2.8670 -2.8060 -2.3790 
847 -1.9520 -1.1590 -2.0740 
848 -3.4770 -3.1110 -1.0980 
849 -4.6360 -2.8670 -2.5620 
850 -0.2440 -1.3420 -2.3180 
851 -6.5270 -2.1960 -2.8060 
852 -1.0980 -3.7210 -1.4640 
853 -2.1350 -2.8670 -2.6840 
854 -2.5010 -1.7080 -2.0740 
855 0.2440 -1.2200 -3.1110 
856 -4.7580 -2.7450 -1.5250 
857 -3.1720 -1.1590 -2.5620 
858 0.5490 -2.5620 -2.1960 
859 -4.3920 -1.3420 -3.3550 
860 -0.2440 -1.3420 -2.8060 
861 -4.1480 -2.3790 -3.2940 
862 -0.6710 -0.1830 -1.7080 
863 -1.5860 -2.6840 -3.2940 
864 -3.9650 -3.7820 -0.6100 
865 -1.7690 -2.6230 -1.2200 
866 -2.4400 -4.3310 -1.2200 
867 -2.2570 -1.5860 -2.9890 
868 -1.8300 -3.5990 -2.0130 
869 -4.3310 -2.6840 -1.3420 
870 -1.2200 -1.6470 -1.3420 
871 -3.1720 -2.4400 -3.6600 
872 -2.6230 -4.4530 -2.1960 
873 -1.7080 -1.2200 -2.7450 
874 -2.7450 -1.4030 -2.5010 
875 -3.1720 -3.0500 -2.8670 
876 -1.9520 -3.7210 -2.7450 
877 -4.3310 -4.6970 -2.7450 
878 -2.1350 -0.3050 -1.6470 
879 -2.1960 -4.5750 -2.5010 
880 -1.8910 -2.9890 -2.2570 
881 -3.2940 -1.6470 -2.5620 
882 -3.5990 -2.1350 -1.0370 
883 -2.1350 -1.5860 -3.5990 
884 -2.3180 -0.9760 -2.0740 
885 -1.3420 -1.7690 -3.0500 
886 -1.8300 -3.5380 -1.5860 
887 -2.8060 -1.1590 -2.3180 
888 -3.4160 -3.5380 -1.9520 
889 -2.8670 -3.4770 -2.9280 
890 -2.8060 -2.1960 -2.9280 
891 -3.7210 -3.7820 -2.8670 
892 -2.4400 -1.9520 -3.4160 
893 -1.9520 -0.6710 -3.4770 
894 -2.9280 -2.0740 -2.5620 
895 -2.0740 -2.9890 -2.9280 
896 -3.2940 -3.8430 -1.4640 
897 -2.3790 -1.7080 -4.1480 
898 -2.2570 -2.5620 -1.6470 
899 -2.5010 -1.0370 -1.2200 
900 -2.6840 -1.3420 -2.5010 
901 -2.7450 -1.3420 -2.9280 
902 -2.6840 -3.1110 -2.9280 
903 -1.9520 -1.5860 -0.8540 
904 -3.2330 -1.6470 -3.0500 
905 -3.2940 -1.5860 -2.4400 
906 -3.1720 -1.2200 -1.4030 
907 -2.2570 -2.8670 -2.2570 
908 -3.1720 -2.5620 -3.4770 
909 -2.8060 -2.9280 -1.7690 
910 -2.5010 -5.3070 -3.4160 
911 -1.2810 -0.3050 -2.0130 
912 -2.2570 -2.0130 -2.9890 
913 -2.0130 -1.7080 -4.1480 
914 -1.7690 -3.5380 -3.7210 
915 -1.0980 -4.4530 -1.4640 
916 -1.7690 -3.4770 -2.6840 
917 -3.1110 -2.8670 -1.8910 
918 -1.0980 -1.8300 -1.4030 
919 -3.4770 -2.7450 -3.4770 
920 -3.5990 -2.6840 -2.1960 
921 -2.5620 -1.2200 -2.5620 
922 -1.4030 0.0610 -3.2330 
923 -2.3180 -2.6840 -2.3180 
924 -3.1110 -2.3790 -2.0130 
925 -2.1960 -3.0500 -2.2570 
926 -2.0130 -3.4770 -1.7690 
927 -2.5620 -1.5250 -0.4270 
928 -2.6840 -2.7450 -1.5860 
929 -2.8060 -0.9150 -2.3180 
930 -2.7450 -2.8060 -2.8060 
931 -2.0130 -1.8910 -3.7820 
932 -2.4400 -2.9280 -2.3180 
933 -1.9520 -1.8300 -0.9760 
934 -2.6230 -2.6840 -3.1720 
935 -1.8910 -2.8060 -1.3420 
936 -2.1350 -3.5990 -2.9280 
937 -2.5010 -3.2940 -2.7450 
938 -3.7210 -2.5620 -2.8670 
939 -1.5250 -1.2810 -2.8060 
940 -2.3180 -3.2330 -3.1720 
941 -3.8430 -1.0370 -3.4160 
942 -1.7080 -1.9520 -3.9040 
943 -2.3180 -1.2200 -1.8910 
944 -1.5250 -0.0610 -2.0740 
945 -2.2570 -2.6230 -1.6470 
946 -3.7820 -3.1720 -2.0130 
947 -2.0740 -1.7080 -1.6470 
948 -2.8670 -3.2330 -3.4770 
949 -1.5250 -3.1110 -2.5010 
950 -1.7080 -1.5860 -2.4400 
951 -2.8060 -3.0500 -2.6230 
952 -2.3790 -1.2200 -1.2810 
953 -1.8910 -3.4160 -3.1720 
954 -2.8060 -1.7080 -2.5620 
955 -0.7930 -3.7820 -0.9150 
956 -3.4160 -0.7930 -3.4160 
957 -1.0980 -1.3420 -2.9890 
958 -2.5010 -0.4880 -1.8300 
959 -1.4030 -1.2810 -2.0130 
960 -2.3180 -3.0500 -3.0500 
961 -1.9520 -2.6840 -0.4880 
962 -1.7080 -1.8300 -2.9280 
963 -3.1110 -1.0370 -2.1350 
964 -2.1960 -0.8540 -3.1110 
965 -1.8910 -3.1720 -1.7080 
966 -2.0740 -1.3420 -1.7690 
967 -3.2330 -3.2330 -1.2810 
968 -3.8430 -2.9890 -2.3180 
969 -1.4640 -0.7930 -2.6230 
970 -3.0500 -2.1960 -1.4640 
971 -3.1720 -2.8670 -2.7450 
972 -2.5010 -2.9280 -2.1350 
973 -2.6230 -1.2200 -2.7450 
974 -1.0370 -1.8300 -3.9650 
975 -2.8060 -0.9150 -3.1720 
976 -2.0740 -1.2810 -2.6840 
977 -2.1350 -1.5860 -3.7210 
978 -2.8060 -2.9280 -2.3790 
979 -1.0370 -2.3790 -2.3790 
980 -2.3790 -4.1480 -2.3790 
981 -1.5860 -2.5010 -2.6840 
982 -2.2570 -3.8430 -3.4770 
983 -2.6840 -3.9040 -1.4030 
984 -2.5010 -2.2570 -3.2330 
985 -2.5620 -0.9760 -0.5490 
986 -3.3550 -3.2330 -2.3790 
987 -3.3550 -5.9170 -2.6230 
988 -4.0260 -2.9890 -3.3550 
989 -2.1960 -4.4530 -2.8060 
990 -0.8540 -2.1350 -2.6230 
991 -2.8060 -3.6600 -1.5860 
992 -3.1720 -1.9520 -2.8670 
993 -1.7690 -1.4030 -2.6230 
994 -3.7210 -1.7690 -2.0740 
995 -1.6470 -1.4640 -2.0740 
996 -2.1350 -1.6470 -2.4400 
997 -1.9520 -3.7820 -3.5380 
998 -1.7690 -3.6600 -1.9520 
999 -2.0130 -4.4530 -1.3420 
1000 -2.3790 -2.6230 -2.5620 
1001 -3.3550 -1.4030 -2.5010 
1002 -1.1590 -3.5380 -2.6230 
1003 -2.7450 -1.5860 -1.0370 
1004 -2.8060 -1.8300 -2.6840 
1005 -0.4270 -2.7450 -2.6230 
1006 -2.6840 0.3050 -2.0130 
1007 -3.3550 -4.3310 -2.9280 
1008 -1.4030 -1.7690 -3.0500 
1009 -2.5620 -1.0980 -2.0740 
1010 -2.2570 -1.4030 -2.0740 
1011 -0.4270 -1.5860 -2.2570 
1012 -3.9040 -2.8060 -2.6840 
1013 -2.1350 -1.9520 -2.7450 
1014 -1.3420 -0.9760 -3.1110 
1015 -3.8430 -3.7210 -2.1960 
1016 -1.7690 -2.1350 -4.0870 
1017 -1.9520 -2.0130 -3.0500 
1018 -1.8910 -1.2810 -1.4640 
1019 -1.4030 -2.4400 -1.8300 
1020 -4.3310 -1.3420 -3.9040 
1021 -3.3550 -2.6230 -2.3790 
1022 -3.3550 -3.1720 -2.1960 
1023 -3.2330 -0.5490 -2.5010 
1024 -2.1350 -2.1960 -3.1110 
1025 -3.5990 -3.5380 -2.4400 
1026 -3.1720 -2.7450 -1.7080 
1027 -5.2460 -3.3550 -1.2200 
1028 -1.7690 -2.6230 -2.9890 
1029 -2.0130 -2.6230 -2.8670 
1030 -2.8670 -2.1350 -3.4770 
1031 -2.9890 -5.0020 -2.8670 
1032 -2.4400 -3.3550 -2.6230 
1033 -2.8670 -1.9520 -2.6230 
1034 -4.8190 -0.9760 -1.6470 
1035 0.0610 -2.9280 -1.0980 
1036 -3.6600 -0.6710 -0.7320 
1037 -2.6840 -4.4530 -2.5620 
1038 -2.4400 -0.7320 -2.4400 
1039 -4.9410 -5.0020 -2.0130 
1040 -2.1960 -2.7450 -3.3550 
1041 -3.7820 -4.0260 -2.8670 
1042 -1.6470 -3.2940 -2.8060 
1043 -2.1960 -3.3550 -3.6600 
1044 -2.3180 -0.1830 -2.8670 
1045 -2.6840 -1.6470 -3.1720 
1046 -1.3420 -2.1350 -2.6230 
1047 -1.4030 -1.7690 -2.5010 
1048 -2.9890 -2.5010 -1.6470 
1049 -3.0500 -3.2330 -1.9520 
1050 -3.2330 -2.2570 -2.9280 
1051 -1.4030 -2.0740 -1.9520 
1052 -3.3550 -0.1830 -1.4640 
1053 -2.6840 -4.6360 -2.6230 
1054 -1.8300 -1.4640 -1.3420 
1055 -2.8670 -3.1720 -1.5250 
1056 -1.2810 -3.2330 -3.4770 
1057 -2.7450 -1.5860 -2.9890 
1058 -3.0500 -1.9520 -2.4400 
1059 -0.9150 -2.9280 -2.3180 
1060 -3.1720 -2.5010 -2.9280 
1061 -2.3180 -0.9760 -2.2570 
1062 -2.8670 -3.6600 -2.8060 
1063 -1.0980 -2.0130 -2.3180 
1064 -2.0740 -1.9520 -3.2330 
1065 -1.5860 -1.8910 -2.9890 
1066 -0.2440 -2.1960 -3.7820 
1067 -3.1720 -1.4640 -2.8060 
1068 -3.9650 -2.5620 -2.0130 
1069 -1.6470 -2.6230 -2.6230 
1070 -1.4640 -1.5860 -3.7210 
1071 -2.1350 -3.7210 -2.0740 
1072 -0.3660 -2.0740 -3.8430 
1073 -2.0740 -0.1830 -1.1590 
1074 -2.3180 -2.5620 -3.5380 
1075 -1.4640 -2.9280 -2.5620 
1076 -2.8670 -2.5010 -3.4770 
1077 -1.8910 -0.4880 -2.6840 
1078 -2.6840 -1.8910 -2.2570 
1079 -1.2200 -3.1110 -1.7690 
1080 -4.2700 -4.1480 -2.9280 
1081 -1.2200 -1.2810 -1.3420 
1082 -5.7950 -1.7690 -2.9280 
1083 -1.8300 -3.4160 -3.9040 
1084 -2.7450 -3.8430 -2.9280 
1085 -3.8430 -1.5860 -2.5620 
1086 -1.6470 -2.3790 -1.4640 
1087 -2.0740 -1.0980 -2.0130 
1088 -0.8540 -2.3180 -3.1110 
1089 -1.8300 -2.9280 -0.9760 
1090 -2.8060 -3.7210 -1.9520 
1091 -1.4640 -0.2440 -3.3550 
1092 -2.7450 -1.0370 -2.3790 
1093 -2.0130 -1.8910 -1.5860 
1094 -4.5750 -1.9520 -3.2940 
1095 -1.5250 -3.2940 -2.6840 
1096 -1.6470 -1.8910 -3.2330 
1097 -2.9280 -1.1590 -1.7690 
1098 -2.6230 -3.4160 -3.9650 
1099 -2.8670 -1.8910 -4.3310 
1100 -1.2810 -3.2330 -2.6840 
1101 -2.5010 -1.6470 -3.2330 
1102 -2.5620 -2.5620 -3.2330 
1103 -2.3180 -2.1960 -2.5010 
1104 -2.9280 -4.1480 -2.9890 
1105 -3.7210 -0.9760 -2.8060 
1106 -2.6230 -4.3920 -3.1720 
1107 -2.7450 -2.0130 -1.5250 
1108 -1.8300 -0.7320 -1.5250 
1109 -2.6230 -1.8910 -1.1590 
1110 -2.9280 -2.3180 -2.6230 
1111 -2.3180 -0.9760 -2.9280 
1112 -3.0500 -0.9150 -3.2330 
1113 -1.7690 -1.4030 -3.4160 
1114 -3.7210 -2.9280 -3.0500 
1115 -1.8300 -1.2200 -2.9280 
1116 -1.0370 -3.3550 -1.7080 
1117 -3.7820 -0.6710 -2.3180 
1118 -2.5620 -2.0740 -3.3550 
1119 -1.3420 -2.9890 -0.8540 
1120 -2.3790 -3.7820 -2.4400 
1121 -1.0980 -3.9650 -3.6600 
1122 -3.7210 -1.7690 -2.2570 
1123 -2.8060 -1.2810 -3.1720 
1124 -1.0980 -0.9760 -0.8540 
1125 -2.6840 -2.8670 -1.9520 
1126 -2.4400 -3.5990 -1.8910 
1127 -3.1110 -4.3920 -3.3550 
1128 -1.8300 -3.9650 -2.7450 
1129 -3.4160 -2.0740 -1.8910 
1130 -2.2570 -2.8060 -2.7450 
1131 -1.5250 -3.9040 -2.0740 
1132 -3.0500 -4.1480 -2.6840 
1133 -2.8060 -2.5620 -1.4640 
1134 -1.7080 -2.5620 -1.7690 
1135 -2.7450 -2.3180 -4.3920 
1136 -2.0130 -1.4640 -4.3920 
1137 -2.1350 -2.3790 -2.2570 
1138 -2.7450 -1.8910 -2.3790 
1139 -1.9520 -2.5620 -1.5250 
1140 -3.2330 -0.6100 -1.5860 
1141 -2.0130 -1.0370 -1.8910 
1142 -1.3420 -2.1960 -2.4400 
1143 -2.5620 -2.9890 -3.1110 
1144 -3.3550 -1.2810 -1.5250 
1145 -3.4770 -2.2570 -2.0130 
1146 -2.9280 -2.3180 -3.8430 
1147 -2.4400 -2.5010 -2.0130 
1148 -1.6470 -3.4770 -1.3420 
1149 -3.2940 -3.1720 -2.0740 
1150 -3.5380 -1.2810 -1.3420 
1151 -3.9650 -3.1110 -2.6230 
1152 -2.8060 -3.5380 -2.5620 
1153 -3.1110 -2.9280 -2.0130 
1154 -2.8670 -3.1720 -2.1350 
1155 -2.7450 -3.4160 -2.0130 
1156 -2.6840 -2.8670 -2.8670 
1157 -1.5860 -1.2810 -2.9890 
1158 -2.6230 -3.1110 -3.2330 
1159 -3.0500 -4.2700 -2.1350 
1160 -3.0500 -3.5990 -2.9280 
1161 -1.9520 -1.2810 -1.5860 
1162 -3.2330 -2.9280 -2.0130 
1163 -1.9520 -2.1350 -3.7210 
1164 -2.7450 -3.7210 -2.8670 
1165 -0.7930 -0.6710 -1.0370 
1166 -2.9890 -1.8300 -2.4400 
1167 -1.8910 -2.8060 -3.2940 
1168 -2.6840 -2.6230 -1.5860 
1169 -3.4160 -2.7450 -2.6230 
1170 -2.1960 -3.5380 -1.5860 
1171 -3.1720 -3.8430 -3.5990 
1172 -1.9520 -1.7080 -3.2330 
1173 -4.0870 -2.3790 -2.6840 
1174 -2.6230 -2.0740 -3.4160 
1175 -2.5010 -1.3420 -2.2570 
1176 -2.0130 -2.0130 -1.4640 
1177 -2.1350 -3.5380 -1.2810 
1178 -2.1960 -2.5010 -1.5250 
1179 -1.8910 -2.7450 -2.5620 
1180 -0.8540 -2.1350 -2.9280 
1181 -3.4770 -1.2200 -3.5990 
1182 -2.8060 -2.0740 -0.7320 
1183 -2.3790 -1.8910 -2.6230 
1184 -2.0740 -3.7820 -1.1590 
1185 -2.9890 -2.9890 -2.4400 
1186 -2.1350 -2.1350 -2.2570 
1187 -2.8060 -1.0980 -3.4770 
1188 -1.4640 -1.8910 -2.5010 
1189 -2.9890 -4.2700 -2.3790 
1190 -0.7930 -4.3920 -2.9890 
1191 -2.5620 -3.7210 -3.1720 
1192 -3.4160 -2.7450 -2.1960 
1193 -2.9280 -4.1480 -1.5860 
1194 -1.0370 -3.4160 -4.1480 
1195 -1.7690 -1.7690 -1.8300 
1196 -0.9760 -3.5380 -3.2330 
1197 -2.0740 -1.4640 -2.8060 
1198 -2.3790 -3.2330 -2.1350 
1199 -1.8300 -2.2570 -1.8300 
1200 -3.1720 -3.7210 -3.2940 
1201 -2.0130 -1.4640 -3.1720 
1202 -2.6230 -1.5860 -1.3420 
1203 -2.9890 -2.4400 -3.2940 
1204 -2.5010 -2.9890 -3.6600 
1205 -2.5620 -2.6840 -2.8060 
1206 -3.5380 -1.5250 -1.7080 
1207 -2.2570 -3.4160 -1.5860 
1208 -3.2330 -4.8800 -2.0130 
1209 -5.7340 -4.3310 -2.9280 
1210 -2.3180 -1.8300 -5.1850 
1211 -4.6970 -3.0500 -2.6840 
1212 -2.0740 -2.6230 -3.3550 
1213 -2.1350 -2.1350 -1.0370 
1214 -5.1850 -2.3180 -1.9520 
1215 0.4880 -1.4640 -1.7690 
1216 -4.6360 -2.0740 -0.4880 
1217 -1.7690 -2.1350 -1.8300 
1218 -0.9760 -2.2570 -1.5860 
1219 -3.9040 -2.5620 -3.7210 
1220 -2.1350 -1.4640 -2.5010 
1221 -0.9760 -2.0130 -2.6840 
1222 -3.5380 -2.0130 -3.9040 
1223 -2.5620 -3.7820 -2.0130 
1224 -1.4640 -0.6710 -1.6470 
1225 -3.8430 -0.0610 -0.9150 
1226 -1.7690 -2.1960 -1.8300 
1227 -2.2570 -2.6230 -3.2330 
1228 -1.0980 -1.8910 -2.5620 
1229 -3.3550 -2.9280 -4.9410 
1230 -3.4770 -2.5010 -1.3420 
1231 -1.0370 -3.2330 -2.4400 
1232 -3.4160 -3.5380 -2.5010 
1233 -3.3550 -1.8300 -3.5990 
1234 -2.1350 -3.1110 -1.0980 
1235 -4.0870 -2.7450 -3.1110 
1236 -1.4030 -3.0500 -3.7820 
1237 -2.4400 -2.0740 -2.9280 
1238 -0.9760 -3.2940 -1.6470 
1239 -3.1110 -2.8670 -2.3180 
1240 -3.4160 -2.4400 -3.9650 
1241 -3.2940 -2.4400 -0.6100 
1242 -2.5620 -2.5620 -2.7450 
1243 -3.4770 -2.5010 -2.1350 
1244 -2.1350 -3.5990 -2.3180 
1245 -2.8670 -1.3420 -2.0130 
1246 -1.4640 -4.2700 -2.5620 
1247 -3.4160 -0.5490 -1.7690 
1248 -2.0740 -4.6970 -2.6230 
1249 -2.5620 -1.8910 -2.1350 
1250 -3.7210 -3.3550 -1.1590 
1251 -2.0130 -0.4880 -3.2940 
1252 -2.0130 -3.2330 -2.6230 
1253 -2.3180 -4.7580 -3.0500 
1254 -4.0260 -3.3550 -3.6600 
1255 -1.9520 -1.9520 -2.0130 
1256 -2.7450 -3.4160 -2.8670 
1257 -1.5250 -2.4400 -2.5010 
1258 -2.2570 -2.5010 -0.9150 
1259 -1.0980 -0.4270 -2.1960 
1260 -1.2200 -1.8910 -2.8670 
1261 -1.0370 -1.8910 -1.9520 
1262 -1.1590 -2.8670 -1.1590 
1263 -2.1960 -0.7930 -2.7450 
1264 -4.8190 -2.9280 -1.6470 
1265 -2.4400 -1.3420 -2.5620 
1266 -1.4640 -4.1480 -3.5380 
1267 -3.3550 -1.5250 -1.8910 
1268 -0.7930 -3.9040 -3.1110 
1269 -3.4770 -2.4400 -1.9520 
1270 -2.9890 -2.2570 -2.6230 
1271 -1.2810 -2.6840 -2.5620 
1272 -3.3550 -2.9890 -2.5010 
1273 -0.9760 -2.5010 -2.0130 
1274 -3.5380 -2.1350 -2.1350 
1275 -2.1960 -1.7080 -2.9890 
1276 -1.5860 -1.6470 -2.8670 
1277 -3.2940 -2.5010 -2.6840 
1278 -1.6470 -1.2810 -2.0740 
1279 -3.1110 -3.4770 -2.8670 
1280 -3.5990 -1.4030 -2.8060 
1281 -1.6470 -2.4400 -1.0370 
1282 -2.3180 -1.3420 -2.9280 
1283 -2.8060 -1.0370 -1.7080 
1284 -3.1110 -2.5010 -1.9520 
1285 -3.1110 -2.7450 -2.1350 
1286 -1.8910 -3.0500 -2.6230 
1287 -2.8060 -1.3420 -2.6230 
1288 -2.6840 -3.5990 -3.0500 
1289 -1.0980 -3.9650 -2.1960 
1290 -1.1590 -1.7690 -4.1480 
1291 -2.3180 -3.2330 -0.5490 
1292 -0.9760 -1.7690 -1.6470 
1293 -2.3180 -2.3790 -2.5620 
1294 -3.0500 -2.6840 -1.0370 
1295 -0.9150 -3.6600 -2.7450 
1296 -2.8060 -2.1960 -3.4770 
1297 -0.0610 -2.6840 -0.9760 
1298 -3.4770 -1.5250 -2.7450 
1299 -2.7450 -2.2570 -2.5620 
1300 -1.6470 -1.2810 -2.3790 
1301 -3.9040 -2.1960 -4.4530 
1302 -2.8060 -1.7690 -3.8430 
1303 -3.0500 -2.6840 -2.1350 
1304 -0.9760 -1.9520 -1.0980 
1305 -2.5010 -1.7080 -1.0980 
1306 -2.4400 -1.7080 -3.1110 
1307 -2.0130 -2.1350 -2.8670 
1308 -2.0740 -2.7450 -3.2330 
1309 -2.5620 -4.0260 -1.7080 
1310 -2.8060 -1.6470 -2.1960 
1311 -2.7450 -1.5250 -2.4400 
1312 -2.9280 -1.7690 -2.6230 
1313 -1.8300 -3.7210 -2.3180 
1314 -4.1480 -2.6840 -3.0500 
1315 -2.6840 -2.2570 -1.0370 
1316 -3.1720 -3.1720 -3.4770 
1317 -2.8060 -1.8300 -2.9280 
1318 -2.5010 -1.3420 -3.4160 
1319 -4.2090 -4.1480 -1.8300 
1320 -2.7450 -2.6840 -2.0130 
1321 -2.3180 -2.9890 -2.2570 
1322 -3.8430 -2.8060 -2.7450 
1323 -3.3550 -2.8670 -4.5750 
1324 -4.0260 -0.7320 -2.3180 
1325 -3.7210 -4.3920 -2.5620 
1326 -3.1720 -3.0500 -2.3790 
1327 -4.5140 -4.0260 -4.2700 
1328 -2.0740 -0.4270 -1.9520 
1329 0.7930 -3.5380 -2.6840 
1330 -2.1350 -0.9760 -4.3920 
1331 -2.7450 -4.3310 -1.6470 
1332 -3.8430 -3.2940 -3.5990 
1333 -2.6230 -3.7210 -2.5620 
1334 -3.1110 -0.1830 -2.6840 
1335 -0.1830 -0.5490 -2.2570 
1336 -1.7080 -3.2940 -1.7690 
1337 -2.5010 -1.0370 -1.4640 
1338 -1.8300 -2.3180 -2.0740 
1339 -4.5140 -2.1350 -1.8300 
1340 -2.5010 -3.8430 -3.4160 
1341 -3.4160 -2.3180 -1.3420 
1342 -1.1590 -2.2570 -1.8300 
1343 -2.4400 -1.8300 -1.0980 
1344 -1.3420 -2.3790 -3.3550 
1345 -3.4160 -3.9040 -2.0130 
1346 -1.8910 -3.5380 -4.2700 
1347 -2.8670 -2.3180 -3.9650 
1348 -3.1720 -2.3790 -2.8060 
1349 -2.0740 -2.3180 -2.2570 
1350 -1.5250 -3.5380 -2.2570 
1351 -2.0740 -1.4030 -2.9890 
1352 -1.4640 -0.9760 -2.4400 
1353 -4.3310 -4.3920 -2.4400 
1354 -1.4640 -2.5620 -3.9650 
1355 -2.7450 -2.0130 -1.9520 
1356 -3.1110 -0.9760 -2.6840 
1357 -2.5010 -3.1110 -2.9890 
1358 -2.8060 -4.0870 -0.9150 
1359 -1.2200 -2.9280 -1.4030 
1360 -3.1720 -2.1350 -1.9520 
1361 -2.3180 -2.0130 -2.0130 
1362 -2.6230 -3.0500 -1.5250 
1363 -2.7450 -3.2940 -2.3790 
1364 -2.9890 -1.0370 -3.5990 
1365 -2.1350 -1.4030 -3.2940 
1366 -1.8910 -2.4400 -3.7210 
1367 -3.1110 -2.6840 -1.6470 
1368 -1.8300 -2.2570 -3.1110 
1369 -2.8060 -3.1720 -2.9890 
1370 -1.3420 -1.8300 -2.3180 
1371 -2.3180 -3.0500 -2.9890 
1372 -2.9280 -2.0740 -3.4770 
1373 -1.7690 -3.1110 -2.8060 
1374 -2.7450 -3.6600 -3.6600 
1375 -2.5620 -3.4160 -2.2570 
1376 -2.1350 -2.2570 -2.9280 
1377 -3.0500 -1.4030 -2.0740 
1378 -1.8300 -1.5860 -2.8060 
1379 -2.8670 -2.8670 -3.3550 
1380 -1.8910 -3.4770 -4.0870 
1381 -2.0130 -3.8430 -4.2090 
1382 -2.6840 -0.0610 -2.8060 
1383 -1.5860 -1.9520 -2.3790 
1384 -4.1480 -2.6230 -1.3420 
1385 -1.8300 -3.2330 -2.9280 
1386 -1.9520 -2.8060 -2.6840 
1387 -4.1480 -4.2090 -2.3790 
1388 -2.4400 -2.7450 -2.5010 
1389 -2.0740 -1.7690 -3.4770 
1390 -2.1350 -3.3550 -3.4160 
1391 -3.2940 -1.8300 -2.5010 
1392 -1.7080 -1.2810 -3.2330 
1393 -2.3790 -2.5620 -2.9890 
1394 -3.1720 -2.9890 -4.1480 
1395 -2.0130 -3.0500 -1.8300 
1396 -2.8670 -2.2570 -2.3180 
1397 -2.6840 -1.6470 -1.4640 
1398 -1.0370 -0.1220 -1.7080 
1399 -3.2330 -2.8670 -2.9890 
1400 -2.6230 -3.9650 -2.6840 
1401 -3.4160 -2.8670 -3.4770 
1402 -2.2570 -1.5860 -1.6470 
1403 -2.2570 -3.5380 -1.3420 
1404 -3.4160 -1.8300 -2.8670 
1405 -1.0980 -0.9760 -1.5860 
1406 -2.5620 -3.9650 -3.1720 
1407 -3.2940 -3.1110 -2.5620 
1408 -2.4400 -1.8300 -2.7450 
1409 -1.2810 -2.3790 -2.0130 
1410 -2.9280 -2.9890 -1.7690 
1411 -3.2330 -3.3550 -2.6840 
1412 -2.0130 -3.3550 -2.7450 
1413 -2.3790 -3.8430 -2.5620 
1414 -3.0500 -0.3660 -1.5250 
1415 -2.5620 -1.0370 -3.0500 
1416 -2.6230 -2.0130 -2.1350 
1417 -1.0370 -2.6230 -2.8670 
1418 -2.8060 -4.2090 -1.7690 
1419 -2.4400 -2.0130 -3.0500 
1420 -2.4400 -0.6710 -3.1720 
1421 -3.2940 -3.3550 -2.3180 
1422 -1.8300 -1.6470 -1.8300 
1423 -4.5750 -3.6600 -3.2940 
1424 -1.4030 -2.0130 -2.2570 
1425 -2.5010 -1.3420 -2.2570 
1426 -2.5010 -2.5620 -1.8910 
1427 -2.3180 -3.1720 -2.3180 
1428 -2.2570 -1.6470 -2.8060 
1429 -2.6230 -2.8060 -4.2700 
1430 -2.8670 -3.4160 -1.2810 
1431 -1.0980 -1.9520 -3.1720 
1432 -2.1960 -1.2200 -2.3180 
1433 -2.0740 -1.8910 -1.8910 
1434 -1.8910 -2.6840 -3.5990 
1435 -1.6470 -3.5990 -1.8300 
1436 -2.7450 -2.4400 -3.2940 
1437 -2.0130 -0.8540 -4.3920 
1438 -2.1960 -2.1350 -1.3420 
1439 -2.2570 -2.4400 -2.5010 
1440 -3.1110 -3.7820 -3.0500 
1441 -2.8670 -3.6600 -2.7450 
1442 -3.3550 -1.3420 -2.2570 
1443 -2.4400 -1.8910 -2.9280 
1444 -3.4770 -1.9520 -2.8060 
1445 -2.1960 -3.8430 -2.3180 
1446 -0.4880 -2.0740 -3.1110 
1447 -3.6600 -1.2200 -2.9890 
1448 -2.1960 -1.7690 -4.2090 
1449 -2.9280 -2.3180 -2.3180 
1450 -1.7080 -1.9520 -1.4030 
1451 -2.4400 -4.2700 -0.8540 
1452 -2.0130 -1.0370 -2.5010 
1453 -3.1110 -3.6600 -3.1110 
1454 -1.1590 -0.4880 -2.3790 
1455 -2.1960 -4.0260 -2.7450 
1456 -1.0370 -0.4880 -3.4770 
1457 -5.0020 -3.4770 -1.4640 
1458 -0.1220 -0.1220 -2.6840 
1459 -3.4160 -2.2570 -2.5010 
1460 -1.4640 -1.6470 -2.9890 
1461 -0.7930 -3.3550 -1.5250 
1462 -4.7580 -4.0260 -2.8670 
1463 0.3660 -1.6470 -1.8910 
1464 -3.4770 -3.0500 -3.9650 
1465 -3.7210 -3.1110 -2.0130 
1466 -2.3180 -1.9520 -2.7450 
1467 -3.1110 -3.0500 -2.1350 
1468 -1.4030 -2.1350 -2.8670 
1469 0.2440 -1.3420 -2.7450 
1470 -7.5640 -4.5750 -2.5010 
1471 -2.3790 -1.6470 -3.6600 
1472 -0.1830 -3.2940 -3.1110 
1473 -1.9520 -2.8060 -1.5860 
1474 -5.3070 -2.5010 -2.6230 
1475 -1.0370 -3.8430 -1.6470 
1476 -2.9890 -1.8300 -2.3180 
1477 -2.5620 -3.1720 -4.0870 
1478 -0.8540 1.5860 -1.5250 
1479 -5.3680 -7.1370 -1.3420 
1480 0.3660 3.4160 -2.6230 
1481 -5.1240 -5.4900 -2.3180 
1482 -1.5250 1.7080 -2.5620 
1483 -3.4160 -8.8450 -2.3180 
1484 -1.2810 0.1220 -1.3420 
1485 -3.3550 -6.4660 -2.1350 
1486 -2.5010 0.7930 -3.1110 
1487 -2.6840 -3.2940 -1.8910 
1488 -1.5250 0.1220 -3.9650 
1489 -2.1960 -4.3920 -2.8670 
1490 -4.1480 -1.8300 -2.0130 
1491 -3.3550 -2.8060 -2.3790 
1492 -1.1590 0.7930 -1.6470 
1493 -6.0390 -5.3070 -3.5990 
1494 -0.1220 -0.5490 -2.8060 
1495 -4.8190 -4.6970 -1.8910 
1496 -0.8540 1.4640 -1.5250 
1497 -1.5860 -4.5750 -1.7690 
1498 -1.9520 -0.6710 -1.3420 
1499 -0.2440 -3.4160 -1.5860 
1500 -2.1350 0.4270 -2.6230 
1501 -4.2700 -2.1960 -3.7820 
1502 -1.8300 -5.1240 -2.8060 
1503 -0.9760 0.1220 -1.8300 
1504 -1.4030 -1.5250 -2.7450 
1505 0.6710 -1.8910 -3.3550 
1506 -0.9150 -0.6100 -2.4400 
1507 -2.0130 -1.3420 -3.1720 
1508 -2.5010 -2.5010 -4.0870 
1509 -3.1720 -2.9280 -2.2570 
1510 -3.1110 -1.8910 -2.3180 
1511 -1.9520 -3.2940 -1.5860 
1512 -3.3550 -0.4270 -1.5250 
1513 -1.6470 -1.9520 -2.9280 
1514 -1.8910 -2.8060 -2.6840 
1515 -1.8910 -1.2200 -1.9520 
1516 -2.3180 -2.8060 -2.5620 
1517 -3.9650 -5.2460 -3.2940 
1518 -2.0130 -3.1720 -4.1480 
1519 -2.6840 -2.6840 -4.2090 
1520 -1.8910 -1.8300 -2.6840 
1521 -2.6840 -3.9650 -2.7450 
1522 -2.8060 -1.0980 -2.3180 
1523 -1.8300 -2.5620 -0.9150 
1524 -1.9520 -3.6600 -3.7210 
1525 -2.8060 -4.3920 -2.2570 
1526 -1.5860 -1.4030 -1.9520 
1527 -1.2200 -2.5010 -1.2200 
1528 -2.1350 -3.1110 -1.2810 
1529 -1.7080 -2.9280 -2.6840 
1530 -3.4770 -3.1720 -2.6230 
1531 -2.6840 -1.2200 -3.6600 
1532 -2.3790 -5.0630 -1.5250 
1533 -3.1110 -3.1720 -3.0500 
1534 -1.5250 -2.0130 -3.7820 
1535 -3.2940 -3.1720 -3.5990 
1536 -2.0130 -1.1590 -2.8670 
1537 -3.1110 -3.7820 -3.8430 
1538 -0.8540 -1.5250 -2.1960 
1539 -2.9890 -3.8430 -3.4160 
1540 -2.5010 -1.4640 -3.3550 
1541 -2.1960 -4.0260 -2.5620 
1542 -2.6840 -2.0740 -2.8670 
1543 -2.3180 -2.9890 -2.6230 
1544 -3.6600 -3.2940 -2.5010 
1545 -2.6230 -0.9760 -1.9520 
1546 -1.4030 -1.6470 -2.1960 
1547 -2.5010 -3.2940 -2.3180 
1548 -1.3420 0.1220 -3.2940 
1549 -3.1720 -2.8670 -3.0500 
1550 -2.1350 -1.8300 -3.0500 
1551 -4.8800 -6.4660 -2.5620 
1552 -1.4640 1.4640 -2.8060 
1553 -2.1960 -5.3070 -2.4400 
1554 -2.8060 2.2570 -2.1350 
1555 -0.0610 -3.9040 -3.1110 
1556 -4.3920 -0.1220 -2.8060 
1557 -2.3790 -5.1240 -3.2330 
1558 -1.4030 -0.1220 -3.3550 
1559 -2.5010 -2.6230 -3.2940 
1560 -1.9520 -2.4400 -2.0740 
1561 -3.1110 -1.6470 -3.7210 
1562 -3.5990 -2.0130 -2.6230 
1563 -1.1590 -1.4030 -3.7820 
1564 -3.1110 -1.8910 -1.4640 
1565 -2.1350 -2.0130 -3.1110 
1566 -1.4030 -2.5010 -3.2940 
1567 -2.7450 0.0000 -2.1960 
1568 -2.4400 -3.9040 -2.5620 
1569 -3.6600 -1.3420 -2.3790 
1570 -3.0500 -3.6600 -2.9890 
1571 -1.5250 -2.3790 -2.5620 
1572 -3.9040 -3.6600 -1.4030 
1573 -3.4770 0.5490 -2.3790 
1574 -1.3420 -1.9520 -3.7210 
1575 -2.5010 -2.3180 -3.1720 
1576 -3.2940 -4.8800 -3.1110 
1577 -0.9150 -3.8430 -1.9520 
1578 -2.5010 -2.6230 -2.1960 
1579 -2.3790 -0.2440 -3.4160 
1580 -2.0130 -4.0260 -0.3660 
1581 -2.6230 -3.8430 -2.5620 
1582 -2.5010 -1.6470 -2.2570 
1583 -2.9890 -3.2940 -2.5010 
1584 -2.5010 -1.1590 -1.4640 
1585 -2.0740 -1.5250 -2.7450 
1586 -1.4640 -2.3790 -1.6470 
1587 -2.9890 -3.2940 -3.3550 
1588 -1.4030 -1.7690 -3.7820 
1589 -2.6840 -3.5380 -1.6470 
1590 -3.8430 -2.0740 -0.9760 
1591 -2.1960 -0.8540 -2.6230 
1592 -1.6470 -2.9890 -2.3180 
1593 -2.8670 -3.2940 -3.8430 
1594 -2.9280 -2.3180 -2.6230 
1595 -2.9890 -1.6470 -2.5620 
1596 -2.4400 -2.7450 -3.4160 
1597 -3.3550 -1.9520 -2.3180 
1598 -2.1960 -3.2940 -3.0500 
1599 -0.7930 -2.0740 -1.5860 
1600 -2.9280 -2.1960 -4.3310 
1601 -1.0980 -3.5990 -1.4640 
1602 -2.0130 -2.8060 -1.5860 
1603 -1.9520 -1.4640 -1.9520 
1604 -2.4400 -2.8060 -2.6840 
1605 -1.9520 -2.6230 -1.8300 
1606 -1.6470 -1.8300 -3.2330 
1607 -1.9520 -2.8670 0.0000 
1608 -2.3790 -2.5010 -3.0500 
1609 -1.8910 -2.1350 -3.2940 
1610 -2.2570 -1.7080 -2.0130 
1611 -2.0130 -1.5860 -1.8300 
1612 -3.1110 -2.0130 -1.5860 
1613 -3.9650 -3.4160 -1.8910 
1614 -2.8060 -2.7450 -2.4400 
1615 -2.7450 -3.5380 -2.8060 
1616 -2.8670 -2.8670 -1.7080 
1617 -2.1960 -2.1350 -3.9040 
1618 -1.5860 -1.4640 -2.0740 
1619 -2.1350 -2.7450 -2.7450 
1620 -3.1110 -2.5620 -2.5010 
1621 -1.8910 -1.6470 -2.3180 
1622 -2.3180 -2.5620 -2.6840 
1623 -2.0130 -1.4030 -1.8910 
1624 -3.1720 -3.2330 -3.0500 
1625 -3.1720 -3.8430 -4.2700 
1626 -2.1960 -5.0630 -2.4400 
1627 -1.2810 -2.1350 -2.6840 
1628 -1.7080 -2.1960 0.0000 
1629 -2.3790 -1.8300 -2.1350 
1630 -2.8670 -2.6230 -2.5620 
1631 -2.3790 -0.9150 -3.7820 
1632 -2.8670 -3.2940 -2.6230 
1633 -2.1350 -1.8910 -1.2810 
1634 -2.0130 -3.1110 -2.9280 
1635 -1.0980 -2.8060 -2.7450 
1636 -3.1110 -2.1960 -3.3550 
1637 -2.6840 -2.7450 -1.8300 
1638 -1.8910 0.6100 -1.8910 
1639 -1.7690 -2.2570 -4.3310 
1640 -2.4400 -2.1350 -1.5860 
1641 -2.5010 -2.1960 -1.3420 
1642 -1.3420 -1.5250 -2.3180 
1643 -2.9890 -3.4160 -1.9520 
1644 -2.8670 -2.6230 -3.1110 
1645 -2.2570 -3.9650 -3.0500 
1646 -3.5380 -1.5860 -2.7450 
1647 -3.0500 -3.3550 -2.8060 
1648 -3.3550 -3.0500 -2.0740 
1649 -2.1350 -1.5860 -2.7450 
1650 -4.0870 -1.7080 -2.2570 
1651 -2.6840 -1.3420 -2.6840 
1652 -4.3920 -3.0500 -3.9650 
1653 -2.5010 -3.3550 -3.4770 
1654 -0.2440 -0.7930 -1.2810 
1655 -2.6230 -2.0130 -2.8060 
1656 -2.8670 -3.4770 -3.1110 
1657 -3.7210 -3.8430 -1.4640 
1658 -1.8910 -3.1720 -3.5380 
1659 -3.3550 -5.0630 -2.3180 
1660 -3.9040 -1.7690 -3.7820 
1661 -2.8670 -3.4770 -2.6840 
1662 -3.5990 -2.3180 -2.3180 
1663 -3.1110 -3.3550 -3.7820 
1664 -1.8300 -4.4530 -3.3550 
1665 -2.9280 -2.6230 -3.0500 
1666 -2.0740 -2.1960 -2.8670 
1667 -3.1720 -2.9280 -3.1720 
1668 -1.1590 -2.3790 -2.8060 
1669 -3.2940 -2.9890 -2.6840 
1670 -1.5250 -2.1350 -1.1590 
1671 -2.5010 -3.3550 -4.3310 
1672 -2.3790 -1.7690 -2.9890 
1673 -3.1720 -2.5620 -4.4530 
1674 -2.0130 -2.7450 -3.1720 
1675 -2.5010 -2.4400 -2.2570 
1676 -3.6600 -3.4770 -2.7450 
1677 -2.3790 -2.9280 -2.0130 
1678 -3.4770 -3.5990 -2.2570 
1679 -3.1720 -2.7450 -1.8300 
1680 -3.1110 -4.6970 -3.2330 
1681 -1.4030 -2.7450 -2.6230 
1682 -2.8060 -4.4530 -2.8060 
1683 -2.1350 -2.2570 -2.8670 
1684 -1.7690 -3.6600 -2.6230 
1685 -3.1110 -3.6600 -3.5380 
1686 -3.2330 -3.2330 -3.1110 
1687 -1.8300 -0.3660 -1.3420 
1688 -2.3790 -1.7080 -2.1350 
1689 -2.2570 -2.4400 -3.3550 
1690 -3.5380 -2.3790 -2.2570 
1691 -3.7820 -3.2330 -2.8060 
1692 -3.3550 -6.7710 -3.4770 
1693 -1.2200 -1.3420 -2.4400 
1694 -4.2090 -3.0500 -3.5990 
1695 0.1830 -2.9890 -3.6600 
1696 -1.4640 -2.1350 -2.9890 
1697 -3.8430 -1.0370 -3.0500 
1698 -0.7320 -2.5010 -3.0500 
1699 -3.9040 -2.9890 -0.5490 
1700 -0.9150 -1.9520 -2.4400 
1701 0.7930 -0.0610 -1.3420 
1702 -2.6840 -1.8910 -3.9040 
1703 1.0980 -2.6230 -2.9280 
1704 -4.6970 -2.5010 -2.8060 
1705 -2.5010 -3.0500 -2.3790 
1706 -1.0370 -1.4640 -2.7450 
1707 -4.6970 -1.4030 -2.5620 
1708 -0.3660 -3.3550 -3.8430 
1709 -3.2940 -2.9890 -1.7080 
1710 -3.1110 -2.0130 -1.7080 
1711 -1.7080 -0.7320 -2.0740 
1712 -4.2090 -2.1350 -1.5860 
1713 -0.4270 -1.7080 -2.3180 
1714 -1.4640 -2.5010 -2.9890 
1715 -3.3550 -2.4400 -1.5250 
1716 -1.6470 -4.0260 -2.0130 
1717 -1.4030 -1.1590 -2.2570 
1718 -3.5380 -2.7450 -2.2570 
1719 -2.8060 -5.0630 -4.0870 
